1, 1, 1.0000
1, 2, 0.1936
1, 3, 0.1835
1, 4, 0.1796
1, 5, 0.1840
1, 6, 0.1761
1, 7, 0.0275
1, 8, 0.2002
1, 9, 0.1591
1, 10, 0.1987
1, 11, 0.1862
1, 12, 0.1853
1, 13, 0.1988
1, 14, 0.1680
1, 15, 0.1843
1, 16, 0.1789
1, 17, 0.0276
1, 18, 0.1798
1, 19, 0.1662
1, 20, 0.1759
1, 21, 0.1864
1, 22, 0.0000
1, 23, 0.1910
1, 24, 0.2101
1, 25, 0.1964
1, 26, 0.1925
1, 27, 0.1966
1, 28, 0.2095
1, 29, 0.2026
1, 30, 0.1994
1, 31, 0.1708
1, 32, 0.1958
1, 33, 0.1764
1, 34, 0.0279
1, 35, 0.0308
1, 36, 0.1920
1, 37, 0.1936
1, 38, 0.0000
1, 39, 0.1819
1, 40, 0.1858
1, 41, 0.1812
1, 42, 0.1803
1, 43, 0.1806
1, 44, 0.1857
1, 45, 0.1911
1, 46, 0.1922
1, 47, 0.5820
1, 48, 0.0297
1, 49, 0.1849
1, 50, 0.1996
1, 51, 0.2010
1, 52, 0.2066
1, 53, 0.6970
1, 54, 0.3475
1, 55, 0.1775
1, 56, 0.4390
1, 57, 0.1807
1, 58, 0.1902
1, 59, 0.1811
1, 60, 0.1867
1, 61, 0.1864
1, 62, 0.1723
1, 63, 0.6753
1, 64, 0.1962
1, 65, 0.2311
1, 66, 0.1778
1, 67, 0.2072
1, 68, 0.1883
1, 69, 0.2120
1, 70, 0.1863
1, 71, 0.1842
1, 72, 0.1978
1, 73, 0.1858
1, 74, 0.2144
1, 75, 0.1979
1, 76, 0.2080
1, 77, 0.1978
1, 78, 0.1787
1, 79, 0.1642
1, 80, 0.1890
1, 81, 0.6546
1, 82, 0.1555
1, 83, 0.1813
1, 84, 0.1725
1, 85, 0.1497
1, 86, 0.1728
1, 87, 0.1712
1, 88, 0.1730
1, 89, 0.1731
1, 90, 0.1831
1, 91, 0.1928
1, 92, 0.0274
1, 93, 0.1757
1, 94, 0.0256
1, 95, 0.2734
1, 96, 0.1809
1, 97, 0.1855
1, 98, 0.1917
1, 99, 0.1604
1, 100, 0.1683
1, 101, 0.1717
1, 102, 0.1695
1, 103, 0.1686
1, 104, 0.1960
1, 105, 0.1691
1, 106, 0.1700
1, 107, 0.1776
1, 108, 0.0000
2, 1, 0.1936
2, 2, 1.0000
2, 3, 0.2197
2, 4, 0.2141
2, 5, 0.2203
2, 6, 0.2092
2, 7, 0.0328
2, 8, 0.2439
2, 9, 0.1855
2, 10, 0.2417
2, 11, 0.2235
2, 12, 0.2222
2, 13, 0.7627
2, 14, 0.1978
2, 15, 0.2208
2, 16, 0.2131
2, 17, 0.0330
2, 18, 0.2144
2, 19, 0.1954
2, 20, 0.2088
2, 21, 0.2239
2, 22, 0.0000
2, 23, 0.2304
2, 24, 0.2588
2, 25, 0.2384
2, 26, 0.2326
2, 27, 0.2386
2, 28, 0.2579
2, 29, 0.2476
2, 30, 0.2427
2, 31, 0.2017
2, 32, 0.2375
2, 33, 0.2095
2, 34, 0.0333
2, 35, 0.0377
2, 36, 0.2320
2, 37, 0.2343
2, 38, 0.0000
2, 39, 0.2174
2, 40, 0.2229
2, 41, 0.2163
2, 42, 0.2151
2, 43, 0.2155
2, 44, 0.2228
2, 45, 0.2305
2, 46, 0.2323
2, 47, 0.2052
2, 48, 0.0360
2, 49, 0.2217
2, 50, 0.2431
2, 51, 0.2452
2, 52, 0.2535
2, 53, 0.2052
2, 54, 0.2455
2, 55, 0.2111
2, 56, 0.3293
2, 57, 0.2156
2, 58, 0.2293
2, 59, 0.2163
2, 60, 0.2243
2, 61, 0.2238
2, 62, 0.2038
2, 63, 0.1976
2, 64, 0.2380
2, 65, 0.2915
2, 66, 0.6669
2, 67, 0.2545
2, 68, 0.2265
2, 69, 0.2618
2, 70, 0.2237
2, 71, 0.2206
2, 72, 0.2404
2, 73, 0.2229
2, 74, 0.2654
2, 75, 0.2406
2, 76, 0.2557
2, 77, 0.2405
2, 78, 0.2128
2, 79, 0.1925
2, 80, 0.2275
2, 81, 0.2362
2, 82, 0.1807
2, 83, 0.2164
2, 84, 0.2041
2, 85, 0.1729
2, 86, 0.2045
2, 87, 0.2022
2, 88, 0.2047
2, 89, 0.2048
2, 90, 0.2190
2, 91, 0.2331
2, 92, 0.0327
2, 93, 0.2086
2, 94, 0.0301
2, 95, 0.1845
2, 96, 0.2159
2, 97, 0.7014
2, 98, 0.2315
2, 99, 0.1873
2, 100, 0.1982
2, 101, 0.2030
2, 102, 0.1999
2, 103, 0.1987
2, 104, 0.2377
2, 105, 0.1993
2, 106, 0.2005
2, 107, 0.6660
2, 108, 0.0000
3, 1, 0.1835
3, 2, 0.2197
3, 3, 1.0000
3, 4, 0.2019
3, 5, 0.2074
3, 6, 0.5029
3, 7, 0.0309
3, 8, 0.6307
3, 9, 0.1763
3, 10, 0.2262
3, 11, 0.2102
3, 12, 0.5325
3, 13, 0.2265
3, 14, 0.1873
3, 15, 0.2079
3, 16, 0.2010
3, 17, 0.0311
3, 18, 0.2021
3, 19, 0.4714
3, 20, 0.5451
3, 21, 0.2105
3, 22, 0.0000
3, 23, 0.2163
3, 24, 0.2412
3, 25, 0.2234
3, 26, 0.2183
3, 27, 0.2235
3, 28, 0.2404
3, 29, 0.2314
3, 30, 0.2272
3, 31, 0.4859
3, 32, 0.2226
3, 33, 0.1978
3, 34, 0.0314
3, 35, 0.0352
3, 36, 0.2177
3, 37, 0.2197
3, 38, 0.0000
3, 39, 0.2048
3, 40, 0.5795
3, 41, 0.5191
3, 42, 0.5163
3, 43, 0.2031
3, 44, 0.2096
3, 45, 0.2164
3, 46, 0.2180
3, 47, 0.1939
3, 48, 0.0338
3, 49, 0.2086
3, 50, 0.2275
3, 51, 0.2293
3, 52, 0.2366
3, 53, 0.1939
3, 54, 0.2296
3, 55, 0.1992
3, 56, 0.3013
3, 57, 0.2033
3, 58, 0.2154
3, 59, 0.2038
3, 60, 0.2109
3, 61, 0.2105
3, 62, 0.1927
3, 63, 0.1872
3, 64, 0.2230
3, 65, 0.2693
3, 66, 0.1996
3, 67, 0.2374
3, 68, 0.2129
3, 69, 0.2438
3, 70, 0.2104
3, 71, 0.2077
3, 72, 0.2251
3, 73, 0.5339
3, 74, 0.2469
3, 75, 0.2253
3, 76, 0.2385
3, 77, 0.2252
3, 78, 0.2007
3, 79, 0.4649
3, 80, 0.2138
3, 81, 0.2214
3, 82, 0.1719
3, 83, 0.5638
3, 84, 0.4845
3, 85, 0.1648
3, 86, 0.1934
3, 87, 0.1913
3, 88, 0.1935
3, 89, 0.1936
3, 90, 0.2063
3, 91, 0.2187
3, 92, 0.0308
3, 93, 0.1970
3, 94, 0.0285
3, 95, 0.1754
3, 96, 0.2035
3, 97, 0.2094
3, 98, 0.2173
3, 99, 0.1779
3, 100, 0.1877
3, 101, 0.1920
3, 102, 0.5229
3, 103, 0.1881
3, 104, 0.2228
3, 105, 0.1887
3, 106, 0.1898
3, 107, 0.1994
3, 108, 0.0000
4, 1, 0.1796
4, 2, 0.2141
4, 3, 0.2019
4, 4, 1.0000
4, 5, 0.2024
4, 6, 0.1930
4, 7, 0.0302
4, 8, 0.2222
4, 9, 0.1727
4, 10, 0.2203
4, 11, 0.2051
4, 12, 0.2040
4, 13, 0.2206
4, 14, 0.1833
4, 15, 0.2028
4, 16, 0.1963
4, 17, 0.0303
4, 18, 0.1974
4, 19, 0.1812
4, 20, 0.1927
4, 21, 0.2054
4, 22, 0.0000
4, 23, 0.2109
4, 24, 0.4596
4, 25, 0.2176
4, 26, 0.2127
4, 27, 0.2177
4, 28, 0.2337
4, 29, 0.4415
4, 30, 0.2212
4, 31, 0.1866
4, 32, 0.2168
4, 33, 0.1933
4, 34, 0.0306
4, 35, 0.0343
4, 36, 0.2122
4, 37, 0.2141
4, 38, 0.0000
4, 39, 0.1999
4, 40, 0.2046
4, 41, 0.1990
4, 42, 0.1980
4, 43, 0.1983
4, 44, 0.2046
4, 45, 0.2110
4, 46, 0.2125
4, 47, 0.1895
4, 48, 0.0329
4, 49, 0.2036
4, 50, 0.2215
4, 51, 0.4376
4, 52, 0.4510
4, 53, 0.1896
4, 54, 0.2235
4, 55, 0.1946
4, 56, 0.2908
4, 57, 0.1985
4, 58, 0.2100
4, 59, 0.1990
4, 60, 0.2058
4, 61, 0.2054
4, 62, 0.3497
4, 63, 0.1831
4, 64, 0.2173
4, 65, 0.2610
4, 66, 0.1950
4, 67, 0.4938
4, 68, 0.2076
4, 69, 0.5066
4, 70, 0.2053
4, 71, 0.2027
4, 72, 0.4641
4, 73, 0.2046
4, 74, 0.5129
4, 75, 0.5383
4, 76, 0.2319
4, 77, 0.2193
4, 78, 0.3843
4, 79, 0.1787
4, 80, 0.5115
4, 81, 0.2157
4, 82, 0.1685
4, 83, 0.1991
4, 84, 0.4035
4, 85, 0.1616
4, 86, 0.4637
4, 87, 0.1871
4, 88, 0.1892
4, 89, 0.1893
4, 90, 0.2013
4, 91, 0.2131
4, 92, 0.0301
4, 93, 0.1925
4, 94, 0.0279
4, 95, 0.3675
4, 96, 0.1987
4, 97, 0.2043
4, 98, 0.2118
4, 99, 0.1742
4, 100, 0.1836
4, 101, 0.4014
4, 102, 0.1850
4, 103, 0.1840
4, 104, 0.5324
4, 105, 0.1845
4, 106, 0.3445
4, 107, 0.1948
4, 108, 0.0000
5, 1, 0.1840
5, 2, 0.2203
5, 3, 0.2074
5, 4, 0.2024
5, 5, 1.0000
5, 6, 0.1980
5, 7, 0.0310
5, 8, 0.2289
5, 9, 0.1767
5, 10, 0.2269
5, 11, 0.2108
5, 12, 0.2096
5, 13, 0.2271
5, 14, 0.4402
5, 15, 0.2084
5, 16, 0.2015
5, 17, 0.0312
5, 18, 0.2026
5, 19, 0.1856
5, 20, 0.1977
5, 21, 0.2111
5, 22, 0.0000
5, 23, 0.2169
5, 24, 0.2419
5, 25, 0.2240
5, 26, 0.2189
5, 27, 0.2242
5, 28, 0.2411
5, 29, 0.2321
5, 30, 0.2278
5, 31, 0.1913
5, 32, 0.2232
5, 33, 0.4649
5, 34, 0.0315
5, 35, 0.0353
5, 36, 0.2183
5, 37, 0.5165
5, 38, 0.0000
5, 39, 0.2053
5, 40, 0.2102
5, 41, 0.2044
5, 42, 0.2033
5, 43, 0.2036
5, 44, 0.2102
5, 45, 0.2170
5, 46, 0.2186
5, 47, 0.1944
5, 48, 0.0339
5, 49, 0.2092
5, 50, 0.2281
5, 51, 0.2300
5, 52, 0.2373
5, 53, 0.1944
5, 54, 0.3998
5, 55, 0.1997
5, 56, 0.5251
5, 57, 0.2038
5, 58, 0.2160
5, 59, 0.2043
5, 60, 0.2115
5, 61, 0.4948
5, 62, 0.1932
5, 63, 0.4398
5, 64, 0.3883
5, 65, 0.2703
5, 66, 0.2001
5, 67, 0.2381
5, 68, 0.2134
5, 69, 0.2445
5, 70, 0.2110
5, 71, 0.2082
5, 72, 0.2258
5, 73, 0.2102
5, 74, 0.2477
5, 75, 0.2259
5, 76, 0.2392
5, 77, 0.2258
5, 78, 0.2012
5, 79, 0.1830
5, 80, 0.2143
5, 81, 0.2220
5, 82, 0.1723
5, 83, 0.2045
5, 84, 0.1934
5, 85, 0.1651
5, 86, 0.1938
5, 87, 0.1918
5, 88, 0.1940
5, 89, 0.4550
5, 90, 0.2068
5, 91, 0.2193
5, 92, 0.0309
5, 93, 0.1975
5, 94, 0.0286
5, 95, 0.3052
5, 96, 0.2040
5, 97, 0.4920
5, 98, 0.5108
5, 99, 0.1783
5, 100, 0.1881
5, 101, 0.1924
5, 102, 0.1896
5, 103, 0.1885
5, 104, 0.2234
5, 105, 0.1891
5, 106, 0.1902
5, 107, 0.1999
5, 108, 0.0000
6, 1, 0.1761
6, 2, 0.2092
6, 3, 0.5029
6, 4, 0.1930
6, 5, 0.1980
6, 6, 1.0000
6, 7, 0.0296
6, 8, 0.2169
6, 9, 0.1694
6, 10, 0.2151
6, 11, 0.2006
6, 12, 0.6987
6, 13, 0.2153
6, 14, 0.1796
6, 15, 0.1984
6, 16, 0.1922
6, 17, 0.0297
6, 18, 0.1932
6, 19, 0.6219
6, 20, 0.4811
6, 21, 0.2009
6, 22, 0.0000
6, 23, 0.2061
6, 24, 0.2286
6, 25, 0.2125
6, 26, 0.2079
6, 27, 0.2126
6, 28, 0.2279
6, 29, 0.2198
6, 30, 0.2159
6, 31, 0.6402
6, 32, 0.2118
6, 33, 0.1893
6, 34, 0.0300
6, 35, 0.0335
6, 36, 0.2074
6, 37, 0.2092
6, 38, 0.0000
6, 39, 0.1956
6, 40, 0.5101
6, 41, 0.5869
6, 42, 0.6785
6, 43, 0.1941
6, 44, 0.2000
6, 45, 0.2062
6, 46, 0.2076
6, 47, 0.1857
6, 48, 0.0321
6, 49, 0.1991
6, 50, 0.2162
6, 51, 0.2179
6, 52, 0.2244
6, 53, 0.1857
6, 54, 0.2181
6, 55, 0.1905
6, 56, 0.2818
6, 57, 0.1942
6, 58, 0.2053
6, 59, 0.1947
6, 60, 0.2012
6, 61, 0.2008
6, 62, 0.1846
6, 63, 0.1795
6, 64, 0.2122
6, 65, 0.2537
6, 66, 0.1909
6, 67, 0.2252
6, 68, 0.2030
6, 69, 0.2309
6, 70, 0.2007
6, 71, 0.1983
6, 72, 0.2141
6, 73, 0.5101
6, 74, 0.2337
6, 75, 0.2142
6, 76, 0.2261
6, 77, 0.2141
6, 78, 0.1919
6, 79, 0.6136
6, 80, 0.2038
6, 81, 0.2107
6, 82, 0.1654
6, 83, 0.4962
6, 84, 0.4640
6, 85, 0.1588
6, 86, 0.1852
6, 87, 0.1833
6, 88, 0.1853
6, 89, 0.1854
6, 90, 0.1970
6, 91, 0.2082
6, 92, 0.0295
6, 93, 0.1885
6, 94, 0.0273
6, 95, 0.1686
6, 96, 0.1944
6, 97, 0.1998
6, 98, 0.2070
6, 99, 0.1710
6, 100, 0.1799
6, 101, 0.1839
6, 102, 0.4624
6, 103, 0.1803
6, 104, 0.2119
6, 105, 0.1809
6, 106, 0.1819
6, 107, 0.1907
6, 108, 0.0000
7, 1, 0.0275
7, 2, 0.0328
7, 3, 0.0309
7, 4, 0.0302
7, 5, 0.0310
7, 6, 0.0296
7, 7, 1.0000
7, 8, 0.0341
7, 9, 0.0264
7, 10, 0.0338
7, 11, 0.0314
7, 12, 0.0313
7, 13, 0.0338
7, 14, 0.0281
7, 15, 0.0311
7, 16, 0.0301
7, 17, 0.5705
7, 18, 0.0302
7, 19, 0.0277
7, 20, 0.0295
7, 21, 0.0315
7, 22, 0.0000
7, 23, 0.0323
7, 24, 0.0360
7, 25, 0.0334
7, 26, 0.0326
7, 27, 0.0334
7, 28, 0.0359
7, 29, 0.0345
7, 30, 0.0339
7, 31, 0.0286
7, 32, 0.0333
7, 33, 0.0296
7, 34, 0.5760
7, 35, 0.6452
7, 36, 0.0325
7, 37, 0.0328
7, 38, 0.0000
7, 39, 0.0306
7, 40, 0.0314
7, 41, 0.0305
7, 42, 0.0303
7, 43, 0.0304
7, 44, 0.0314
7, 45, 0.0324
7, 46, 0.0326
7, 47, 0.0290
7, 48, 0.6190
7, 49, 0.0312
7, 50, 0.0340
7, 51, 0.0342
7, 52, 0.0353
7, 53, 0.0290
7, 54, 0.0343
7, 55, 0.0298
7, 56, 0.0447
7, 57, 0.0304
7, 58, 0.0322
7, 59, 0.0305
7, 60, 0.0315
7, 61, 0.0315
7, 62, 0.5389
7, 63, 0.0280
7, 64, 0.0333
7, 65, 0.0401
7, 66, 0.0299
7, 67, 0.0354
7, 68, 0.0318
7, 69, 0.0364
7, 70, 0.0315
7, 71, 0.0311
7, 72, 0.0336
7, 73, 0.0314
7, 74, 0.0368
7, 75, 0.6282
7, 76, 0.0356
7, 77, 0.0336
7, 78, 0.0300
7, 79, 0.0274
7, 80, 0.5967
7, 81, 0.0331
7, 82, 0.0258
7, 83, 0.0305
7, 84, 0.0289
7, 85, 0.0247
7, 86, 0.5407
7, 87, 0.0287
7, 88, 0.0290
7, 89, 0.0290
7, 90, 0.0309
7, 91, 0.0327
7, 92, 0.5658
7, 93, 0.0295
7, 94, 0.5241
7, 95, 0.0263
7, 96, 0.0304
7, 97, 0.0313
7, 98, 0.0325
7, 99, 0.0267
7, 100, 0.0281
7, 101, 0.0287
7, 102, 0.0283
7, 103, 0.0282
7, 104, 0.0333
7, 105, 0.0283
7, 106, 0.5308
7, 107, 0.0298
7, 108, 0.0000
8, 1, 0.2002
8, 2, 0.2439
8, 3, 0.6307
8, 4, 0.2222
8, 5, 0.2289
8, 6, 0.2169
8, 7, 0.0341
8, 8, 1.0000
8, 9, 0.1916
8, 10, 0.4697
8, 11, 0.2323
8, 12, 0.2309
8, 13, 0.2523
8, 14, 0.2047
8, 15, 0.2294
8, 16, 0.4121
8, 17, 0.0342
8, 18, 0.2225
8, 19, 0.2021
8, 20, 0.5985
8, 21, 0.2327
8, 22, 0.0000
8, 23, 0.2398
8, 24, 0.2707
8, 25, 0.2485
8, 26, 0.2422
8, 27, 0.5964
8, 28, 0.2698
8, 29, 0.4818
8, 30, 0.2532
8, 31, 0.3892
8, 32, 0.2475
8, 33, 0.4049
8, 34, 0.0346
8, 35, 0.0393
8, 36, 0.2415
8, 37, 0.2440
8, 38, 0.0000
8, 39, 0.2257
8, 40, 0.2316
8, 41, 0.2246
8, 42, 0.2232
8, 43, 0.2237
8, 44, 0.2316
8, 45, 0.2399
8, 46, 0.2418
8, 47, 0.2126
8, 48, 0.0375
8, 49, 0.2304
8, 50, 0.2536
8, 51, 0.2559
8, 52, 0.2649
8, 53, 0.2126
8, 54, 0.4775
8, 55, 0.2189
8, 56, 0.3488
8, 57, 0.2238
8, 58, 0.4447
8, 59, 0.2245
8, 60, 0.2332
8, 61, 0.2327
8, 62, 0.2111
8, 63, 0.2045
8, 64, 0.4623
8, 65, 0.3067
8, 66, 0.2195
8, 67, 0.2659
8, 68, 0.4390
8, 69, 0.5106
8, 70, 0.2325
8, 71, 0.4272
8, 72, 0.2506
8, 73, 0.6427
8, 74, 0.2779
8, 75, 0.2508
8, 76, 0.2673
8, 77, 0.2507
8, 78, 0.2208
8, 79, 0.3709
8, 80, 0.2366
8, 81, 0.2460
8, 82, 0.1864
8, 83, 0.2247
8, 84, 0.2114
8, 85, 0.1781
8, 86, 0.2119
8, 87, 0.2094
8, 88, 0.2121
8, 89, 0.2122
8, 90, 0.4240
8, 91, 0.2427
8, 92, 0.0339
8, 93, 0.2162
8, 94, 0.0312
8, 95, 0.1905
8, 96, 0.2241
8, 97, 0.2313
8, 98, 0.2410
8, 99, 0.1935
8, 100, 0.2051
8, 101, 0.2102
8, 102, 0.5741
8, 103, 0.2056
8, 104, 0.2477
8, 105, 0.2063
8, 106, 0.2076
8, 107, 0.2191
8, 108, 0.0000
9, 1, 0.1591
9, 2, 0.1855
9, 3, 0.1763
9, 4, 0.1727
9, 5, 0.1767
9, 6, 0.1694
9, 7, 0.0264
9, 8, 0.1916
9, 9, 1.0000
9, 10, 0.4855
9, 11, 0.5380
9, 12, 0.1779
9, 13, 0.1904
9, 14, 0.1619
9, 15, 0.1770
9, 16, 0.4392
9, 17, 0.0265
9, 18, 0.6391
9, 19, 0.1603
9, 20, 0.4964
9, 21, 0.1790
9, 22, 0.0000
9, 23, 0.1831
9, 24, 0.2006
9, 25, 0.4803
9, 26, 0.1845
9, 27, 0.5437
9, 28, 0.2001
9, 29, 0.1938
9, 30, 0.1908
9, 31, 0.1645
9, 32, 0.1876
9, 33, 0.1697
9, 34, 0.0268
9, 35, 0.0295
9, 36, 0.1841
9, 37, 0.5443
9, 38, 0.0000
9, 39, 0.5128
9, 40, 0.5231
9, 41, 0.5108
9, 42, 0.6594
9, 43, 0.1736
9, 44, 0.6593
9, 45, 0.1832
9, 46, 0.4048
9, 47, 0.1668
9, 48, 0.0285
9, 49, 0.6565
9, 50, 0.1911
9, 51, 0.1924
9, 52, 0.1974
9, 53, 0.1668
9, 54, 0.1926
9, 55, 0.1707
9, 56, 0.2405
9, 57, 0.4434
9, 58, 0.4658
9, 59, 0.3824
9, 60, 0.3937
9, 61, 0.1789
9, 62, 0.1659
9, 63, 0.1618
9, 64, 0.1879
9, 65, 0.4827
9, 66, 0.1710
9, 67, 0.1980
9, 68, 0.4612
9, 69, 0.2024
9, 70, 0.1789
9, 71, 0.4516
9, 72, 0.1894
9, 73, 0.5231
9, 74, 0.4493
9, 75, 0.1895
9, 76, 0.1987
9, 77, 0.1894
9, 78, 0.1718
9, 79, 0.1583
9, 80, 0.1813
9, 81, 0.1867
9, 82, 0.1503
9, 83, 0.3826
9, 84, 0.1661
9, 85, 0.1448
9, 86, 0.1664
9, 87, 0.1649
9, 88, 0.4809
9, 89, 0.1666
9, 90, 0.1759
9, 91, 0.1848
9, 92, 0.0263
9, 93, 0.1691
9, 94, 0.0246
9, 95, 0.1529
9, 96, 0.4438
9, 97, 0.1781
9, 98, 0.1838
9, 99, 0.1548
9, 100, 0.1622
9, 101, 0.1653
9, 102, 0.1633
9, 103, 0.3569
9, 104, 0.1877
9, 105, 0.1629
9, 106, 0.1637
9, 107, 0.5011
9, 108, 0.0000
10, 1, 0.1987
10, 2, 0.2417
10, 3, 0.2262
10, 4, 0.2203
10, 5, 0.2269
10, 6, 0.2151
10, 7, 0.0338
10, 8, 0.4697
10, 9, 0.4855
10, 10, 1.0000
10, 11, 0.5880
10, 12, 0.2289
10, 13, 0.2500
10, 14, 0.2031
10, 15, 0.2274
10, 16, 0.7151
10, 17, 0.0340
10, 18, 0.4845
10, 19, 0.2005
10, 20, 0.4717
10, 21, 0.2307
10, 22, 0.0000
10, 23, 0.2377
10, 24, 0.2680
10, 25, 0.6284
10, 26, 0.2400
10, 27, 0.2464
10, 28, 0.5525
10, 29, 0.4771
10, 30, 0.2508
10, 31, 0.3862
10, 32, 0.2452
10, 33, 0.4016
10, 34, 0.0343
10, 35, 0.0390
10, 36, 0.2393
10, 37, 0.5310
10, 38, 0.0000
10, 39, 0.4916
10, 40, 0.5043
10, 41, 0.4891
10, 42, 0.5651
10, 43, 0.2218
10, 44, 0.5043
10, 45, 0.4920
10, 46, 0.2396
10, 47, 0.2109
10, 48, 0.0372
10, 49, 0.5016
10, 50, 0.2512
10, 51, 0.2534
10, 52, 0.2623
10, 53, 0.2109
10, 54, 0.4730
10, 55, 0.2171
10, 56, 0.3442
10, 57, 0.5667
10, 58, 0.8181
10, 59, 0.2226
10, 60, 0.2311
10, 61, 0.2306
10, 62, 0.2094
10, 63, 0.2029
10, 64, 0.4580
10, 65, 0.3032
10, 66, 0.2176
10, 67, 0.2633
10, 68, 0.7615
10, 69, 0.5054
10, 70, 0.2305
10, 71, 0.7412
10, 72, 0.2483
10, 73, 0.5043
10, 74, 0.2750
10, 75, 0.2485
10, 76, 0.2646
10, 77, 0.2484
10, 78, 0.2189
10, 79, 0.3681
10, 80, 0.2345
10, 81, 0.2438
10, 82, 0.1851
10, 83, 0.4893
10, 84, 0.2098
10, 85, 0.1769
10, 86, 0.2102
10, 87, 0.2078
10, 88, 0.2104
10, 89, 0.2105
10, 90, 0.4204
10, 91, 0.2405
10, 92, 0.0336
10, 93, 0.2145
10, 94, 0.0309
10, 95, 0.1892
10, 96, 0.5674
10, 97, 0.2293
10, 98, 0.7601
10, 99, 0.1921
10, 100, 0.2035
10, 101, 0.2085
10, 102, 0.2053
10, 103, 0.2040
10, 104, 0.2454
10, 105, 0.2047
10, 106, 0.2060
10, 107, 0.4774
10, 108, 0.0000
11, 1, 0.1862
11, 2, 0.2235
11, 3, 0.2102
11, 4, 0.2051
11, 5, 0.2108
11, 6, 0.2006
11, 7, 0.0314
11, 8, 0.2323
11, 9, 0.5380
11, 10, 0.5880
11, 11, 1.0000
11, 12, 0.2126
11, 13, 0.2306
11, 14, 0.1901
11, 15, 0.2113
11, 16, 0.5213
11, 17, 0.0316
11, 18, 0.4510
11, 19, 0.1879
11, 20, 0.4399
11, 21, 0.2141
11, 22, 0.0000
11, 23, 0.2201
11, 24, 0.2458
11, 25, 0.8105
11, 26, 0.2220
11, 27, 0.2275
11, 28, 0.2450
11, 29, 0.2357
11, 30, 0.2313
11, 31, 0.1937
11, 32, 0.2265
11, 33, 0.2009
11, 34, 0.0319
11, 35, 0.0359
11, 36, 0.2215
11, 37, 0.4910
11, 38, 0.0000
11, 39, 0.4571
11, 40, 0.4682
11, 41, 0.4550
11, 42, 0.6201
11, 43, 0.2064
11, 44, 0.4681
11, 45, 0.2202
11, 46, 0.2217
11, 47, 0.1969
11, 48, 0.0344
11, 49, 0.4658
11, 50, 0.2316
11, 51, 0.2335
11, 52, 0.2410
11, 53, 0.1969
11, 54, 0.2338
11, 55, 0.2023
11, 56, 0.3085
11, 57, 0.5273
11, 58, 0.5593
11, 59, 0.2071
11, 60, 0.2145
11, 61, 0.2140
11, 62, 0.1956
11, 63, 0.1900
11, 64, 0.2270
11, 65, 0.2751
11, 66, 0.2028
11, 67, 0.2419
11, 68, 0.5527
11, 69, 0.2485
11, 70, 0.2139
11, 71, 0.5390
11, 72, 0.2291
11, 73, 0.4682
11, 74, 0.2517
11, 75, 0.2293
11, 76, 0.2430
11, 77, 0.2292
11, 78, 0.2039
11, 79, 0.1852
11, 80, 0.2174
11, 81, 0.2253
11, 82, 0.1742
11, 83, 0.4552
11, 84, 0.1959
11, 85, 0.1670
11, 86, 0.1963
11, 87, 0.1942
11, 88, 0.1965
11, 89, 0.1966
11, 90, 0.2096
11, 91, 0.2225
11, 92, 0.0313
11, 93, 0.2000
11, 94, 0.0289
11, 95, 0.1778
11, 96, 0.5279
11, 97, 0.2128
11, 98, 0.2211
11, 99, 0.1804
11, 100, 0.1904
11, 101, 0.1949
11, 102, 0.1920
11, 103, 0.1909
11, 104, 0.2267
11, 105, 0.1915
11, 106, 0.1926
11, 107, 0.4448
11, 108, 0.0000
12, 1, 0.1853
12, 2, 0.2222
12, 3, 0.5325
12, 4, 0.2040
12, 5, 0.2096
12, 6, 0.6987
12, 7, 0.0313
12, 8, 0.2309
12, 9, 0.1779
12, 10, 0.2289
12, 11, 0.2126
12, 12, 1.0000
12, 13, 0.2292
12, 14, 0.1892
12, 15, 0.2101
12, 16, 0.2031
12, 17, 0.0314
12, 18, 0.2043
12, 19, 0.6546
12, 20, 0.5080
12, 21, 0.2129
12, 22, 0.0000
12, 23, 0.2188
12, 24, 0.2443
12, 25, 0.2260
12, 26, 0.2208
12, 27, 0.2262
12, 28, 0.2435
12, 29, 0.2343
12, 30, 0.2299
12, 31, 0.6748
12, 32, 0.2252
12, 33, 0.1999
12, 34, 0.0317
12, 35, 0.0357
12, 36, 0.2202
12, 37, 0.2223
12, 38, 0.0000
12, 39, 0.2070
12, 40, 0.5405
12, 41, 0.6209
12, 42, 0.7175
12, 43, 0.2053
12, 44, 0.2120
12, 45, 0.2189
12, 46, 0.2205
12, 47, 0.1959
12, 48, 0.0342
12, 49, 0.2109
12, 50, 0.2302
12, 51, 0.2321
12, 52, 0.2395
12, 53, 0.1959
12, 54, 0.2324
12, 55, 0.2013
12, 56, 0.3061
12, 57, 0.2054
12, 58, 0.2178
12, 59, 0.2060
12, 60, 0.2133
12, 61, 0.2128
12, 62, 0.1947
12, 63, 0.1890
12, 64, 0.2256
12, 65, 0.2732
12, 66, 0.2017
12, 67, 0.2404
12, 68, 0.2153
12, 69, 0.2469
12, 70, 0.2127
12, 71, 0.2100
12, 72, 0.2278
12, 73, 0.5405
12, 74, 0.2501
12, 75, 0.2279
12, 76, 0.2415
12, 77, 0.2278
12, 78, 0.2028
12, 79, 0.6454
12, 80, 0.2162
12, 81, 0.2240
12, 82, 0.1735
12, 83, 0.5249
12, 84, 0.4895
12, 85, 0.1662
12, 86, 0.1953
12, 87, 0.1932
12, 88, 0.1955
12, 89, 0.1956
12, 90, 0.2085
12, 91, 0.2212
12, 92, 0.0312
12, 93, 0.1990
12, 94, 0.0288
12, 95, 0.1770
12, 96, 0.2057
12, 97, 0.2117
12, 98, 0.2198
12, 99, 0.1796
12, 100, 0.1895
12, 101, 0.1939
12, 102, 0.4872
12, 103, 0.1900
12, 104, 0.2254
12, 105, 0.1905
12, 106, 0.1917
12, 107, 0.2015
12, 108, 0.0000
13, 1, 0.1988
13, 2, 0.7627
13, 3, 0.2265
13, 4, 0.2206
13, 5, 0.2271
13, 6, 0.2153
13, 7, 0.0338
13, 8, 0.2523
13, 9, 0.1904
13, 10, 0.2500
13, 11, 0.2306
13, 12, 0.2292
13, 13, 1.0000
13, 14, 0.2033
13, 15, 0.2277
13, 16, 0.2195
13, 17, 0.0340
13, 18, 0.2208
13, 19, 0.2007
13, 20, 0.2150
13, 21, 0.2309
13, 22, 0.0000
13, 23, 0.2379
13, 24, 0.2683
13, 25, 0.2464
13, 26, 0.2402
13, 27, 0.2466
13, 28, 0.2674
13, 29, 0.2563
13, 30, 0.2511
13, 31, 0.2074
13, 32, 0.2455
13, 33, 0.2157
13, 34, 0.0344
13, 35, 0.0390
13, 36, 0.2396
13, 37, 0.2420
13, 38, 0.0000
13, 39, 0.2241
13, 40, 0.2299
13, 41, 0.2229
13, 42, 0.2216
13, 43, 0.2220
13, 44, 0.2299
13, 45, 0.2381
13, 46, 0.2399
13, 47, 0.2111
13, 48, 0.0372
13, 49, 0.2286
13, 50, 0.2515
13, 51, 0.2537
13, 52, 0.2626
13, 53, 0.2111
13, 54, 0.2541
13, 55, 0.2173
13, 56, 0.3448
13, 57, 0.2222
13, 58, 0.2368
13, 59, 0.2229
13, 60, 0.2314
13, 61, 0.2309
13, 62, 0.2097
13, 63, 0.2031
13, 64, 0.2460
13, 65, 0.3036
13, 66, 0.7437
13, 67, 0.2636
13, 68, 0.2337
13, 69, 0.2715
13, 70, 0.2308
13, 71, 0.2275
13, 72, 0.2486
13, 73, 0.2299
13, 74, 0.2754
13, 75, 0.2488
13, 76, 0.2650
13, 77, 0.2487
13, 78, 0.2192
13, 79, 0.1977
13, 80, 0.2348
13, 81, 0.2441
13, 82, 0.1853
13, 83, 0.2230
13, 84, 0.2100
13, 85, 0.1770
13, 86, 0.2104
13, 87, 0.2080
13, 88, 0.2106
13, 89, 0.2107
13, 90, 0.2258
13, 91, 0.2407
13, 92, 0.0337
13, 93, 0.2147
13, 94, 0.0309
13, 95, 0.1893
13, 96, 0.2225
13, 97, 0.7834
13, 98, 0.2391
13, 99, 0.1923
13, 100, 0.2037
13, 101, 0.2088
13, 102, 0.2055
13, 103, 0.2042
13, 104, 0.2457
13, 105, 0.2049
13, 106, 0.2062
13, 107, 0.6858
13, 108, 0.0000
14, 1, 0.1680
14, 2, 0.1978
14, 3, 0.1873
14, 4, 0.1833
14, 5, 0.4402
14, 6, 0.1796
14, 7, 0.0281
14, 8, 0.2047
14, 9, 0.1619
14, 10, 0.2031
14, 11, 0.1901
14, 12, 0.1892
14, 13, 0.2033
14, 14, 1.0000
14, 15, 0.1882
14, 16, 0.1825
14, 17, 0.0282
14, 18, 0.1835
14, 19, 0.1694
14, 20, 0.1794
14, 21, 0.1904
14, 22, 0.0000
14, 23, 0.1951
14, 24, 0.2151
14, 25, 0.2008
14, 26, 0.1966
14, 27, 0.2009
14, 28, 0.2145
14, 29, 0.2073
14, 30, 0.2039
14, 31, 0.1741
14, 32, 0.2001
14, 33, 0.4217
14, 34, 0.0284
14, 35, 0.0316
14, 36, 0.1962
14, 37, 0.4638
14, 38, 0.0000
14, 39, 0.1857
14, 40, 0.1897
14, 41, 0.1849
14, 42, 0.1840
14, 43, 0.1843
14, 44, 0.1896
14, 45, 0.1952
14, 46, 0.1964
14, 47, 0.1767
14, 48, 0.0304
14, 49, 0.1888
14, 50, 0.2041
14, 51, 0.2056
14, 52, 0.2114
14, 53, 0.1767
14, 54, 0.2058
14, 55, 0.1810
14, 56, 0.2616
14, 57, 0.1844
14, 58, 0.1943
14, 59, 0.1849
14, 60, 0.1907
14, 61, 0.4462
14, 62, 0.3052
14, 63, 0.4010
14, 64, 0.3286
14, 65, 0.2372
14, 66, 0.1814
14, 67, 0.2120
14, 68, 0.1923
14, 69, 0.2171
14, 70, 0.1903
14, 71, 0.1880
14, 72, 0.3513
14, 73, 0.1897
14, 74, 0.2196
14, 75, 0.2023
14, 76, 0.2129
14, 77, 0.2022
14, 78, 0.1823
14, 79, 0.1672
14, 80, 0.1930
14, 81, 0.1992
14, 82, 0.1582
14, 83, 0.5573
14, 84, 0.1759
14, 85, 0.1522
14, 86, 0.1762
14, 87, 0.1745
14, 88, 0.1763
14, 89, 0.4136
14, 90, 0.1869
14, 91, 0.1970
14, 92, 0.0280
14, 93, 0.5399
14, 94, 0.0261
14, 95, 0.1612
14, 96, 0.1846
14, 97, 0.4440
14, 98, 0.4592
14, 99, 0.1633
14, 100, 0.1715
14, 101, 0.1750
14, 102, 0.1727
14, 103, 0.1718
14, 104, 0.2003
14, 105, 0.1723
14, 106, 0.1732
14, 107, 0.1812
14, 108, 0.0000
15, 1, 0.1843
15, 2, 0.2208
15, 3, 0.2079
15, 4, 0.2028
15, 5, 0.2084
15, 6, 0.1984
15, 7, 0.0311
15, 8, 0.2294
15, 9, 0.1770
15, 10, 0.2274
15, 11, 0.2113
15, 12, 0.2101
15, 13, 0.2277
15, 14, 0.1882
15, 15, 1.0000
15, 16, 0.2019
15, 17, 0.0312
15, 18, 0.2031
15, 19, 0.1859
15, 20, 0.1981
15, 21, 0.2116
15, 22, 0.0000
15, 23, 0.2174
15, 24, 0.2426
15, 25, 0.2245
15, 26, 0.2194
15, 27, 0.2247
15, 28, 0.2418
15, 29, 0.2327
15, 30, 0.2284
15, 31, 0.1917
15, 32, 0.2237
15, 33, 0.1987
15, 34, 0.0315
15, 35, 0.0354
15, 36, 0.2188
15, 37, 0.2209
15, 38, 0.0000
15, 39, 0.2058
15, 40, 0.2107
15, 41, 0.2048
15, 42, 0.2037
15, 43, 0.4318
15, 44, 0.2107
15, 45, 0.2175
15, 46, 0.2191
15, 47, 0.1948
15, 48, 0.0339
15, 49, 0.2096
15, 50, 0.2287
15, 51, 0.2306
15, 52, 0.2379
15, 53, 0.1948
15, 54, 0.2309
15, 55, 0.2001
15, 56, 0.3034
15, 57, 0.2042
15, 58, 0.2165
15, 59, 0.2048
15, 60, 0.2120
15, 61, 0.2116
15, 62, 0.1936
15, 63, 0.1880
15, 64, 0.2242
15, 65, 0.2710
15, 66, 0.2006
15, 67, 0.2387
15, 68, 0.2139
15, 69, 0.2452
15, 70, 0.2114
15, 71, 0.2087
15, 72, 0.2263
15, 73, 0.2107
15, 74, 0.2483
15, 75, 0.2264
15, 76, 0.2398
15, 77, 0.2264
15, 78, 0.2017
15, 79, 0.1834
15, 80, 0.2148
15, 81, 0.2226
15, 82, 0.1726
15, 83, 0.2049
15, 84, 0.1939
15, 85, 0.1654
15, 86, 0.4109
15, 87, 0.1922
15, 88, 0.1944
15, 89, 0.1945
15, 90, 0.2073
15, 91, 0.2198
15, 92, 0.0310
15, 93, 0.1979
15, 94, 0.0286
15, 95, 0.1761
15, 96, 0.2045
15, 97, 0.2104
15, 98, 0.2184
15, 99, 0.1787
15, 100, 0.1885
15, 101, 0.1928
15, 102, 0.1900
15, 103, 0.1889
15, 104, 0.2239
15, 105, 0.1895
15, 106, 0.1906
15, 107, 0.2003
15, 108, 0.0000
16, 1, 0.1789
16, 2, 0.2131
16, 3, 0.2010
16, 4, 0.1963
16, 5, 0.2015
16, 6, 0.1922
16, 7, 0.0301
16, 8, 0.4121
16, 9, 0.4392
16, 10, 0.7151
16, 11, 0.5213
16, 12, 0.2031
16, 13, 0.2195
16, 14, 0.1825
16, 15, 0.2019
16, 16, 1.0000
16, 17, 0.0302
16, 18, 0.4317
16, 19, 0.1804
16, 20, 0.4214
16, 21, 0.2045
16, 22, 0.0000
16, 23, 0.2100
16, 24, 0.2333
16, 25, 0.5529
16, 26, 0.2118
16, 27, 0.2167
16, 28, 0.4812
16, 29, 0.4177
16, 30, 0.4103
16, 31, 0.3463
16, 32, 0.2158
16, 33, 0.3587
16, 34, 0.0305
16, 35, 0.0341
16, 36, 0.2113
16, 37, 0.4682
16, 38, 0.0000
16, 39, 0.4372
16, 40, 0.4473
16, 41, 0.4353
16, 42, 0.5033
16, 43, 0.3681
16, 44, 0.4473
16, 45, 0.4346
16, 46, 0.2115
16, 47, 0.1888
16, 48, 0.0328
16, 49, 0.4451
16, 50, 0.2204
16, 51, 0.2222
16, 52, 0.2289
16, 53, 0.1888
16, 54, 0.4146
16, 55, 0.1938
16, 56, 0.2890
16, 57, 0.6946
16, 58, 0.6818
16, 59, 0.1981
16, 60, 0.2049
16, 61, 0.2045
16, 62, 0.1876
16, 63, 0.1824
16, 64, 0.4030
16, 65, 0.2595
16, 66, 0.1942
16, 67, 0.2297
16, 68, 0.6741
16, 69, 0.4393
16, 70, 0.2044
16, 71, 0.8750
16, 72, 0.2182
16, 73, 0.4473
16, 74, 0.2386
16, 75, 0.2183
16, 76, 0.2307
16, 77, 0.2183
16, 78, 0.1952
16, 79, 0.3318
16, 80, 0.2075
16, 81, 0.2147
16, 82, 0.1678
16, 83, 0.4355
16, 84, 0.1879
16, 85, 0.1611
16, 86, 0.1882
16, 87, 0.1863
16, 88, 0.1884
16, 89, 0.1885
16, 90, 0.3736
16, 91, 0.2121
16, 92, 0.0300
16, 93, 0.1917
16, 94, 0.0278
16, 95, 0.1712
16, 96, 0.5051
16, 97, 0.2034
16, 98, 0.6711
16, 99, 0.1736
16, 100, 0.1828
16, 101, 0.1869
16, 102, 0.1843
16, 103, 0.1833
16, 104, 0.2160
16, 105, 0.1838
16, 106, 0.1849
16, 107, 0.4260
16, 108, 0.0000
17, 1, 0.0276
17, 2, 0.0330
17, 3, 0.0311
17, 4, 0.0303
17, 5, 0.0312
17, 6, 0.0297
17, 7, 0.5705
17, 8, 0.0342
17, 9, 0.0265
17, 10, 0.0340
17, 11, 0.0316
17, 12, 0.0314
17, 13, 0.0340
17, 14, 0.0282
17, 15, 0.0312
17, 16, 0.0302
17, 17, 1.0000
17, 18, 0.0304
17, 19, 0.0279
17, 20, 0.0296
17, 21, 0.0316
17, 22, 0.0000
17, 23, 0.0325
17, 24, 0.0362
17, 25, 0.0335
17, 26, 0.0328
17, 27, 0.0336
17, 28, 0.0360
17, 29, 0.0347
17, 30, 0.0341
17, 31, 0.0287
17, 32, 0.0334
17, 33, 0.0297
17, 34, 0.5786
17, 35, 0.6484
17, 36, 0.0327
17, 37, 0.0330
17, 38, 0.0000
17, 39, 0.0308
17, 40, 0.0315
17, 41, 0.0306
17, 42, 0.0305
17, 43, 0.0305
17, 44, 0.0315
17, 45, 0.0325
17, 46, 0.0327
17, 47, 0.0292
17, 48, 0.6219
17, 49, 0.0313
17, 50, 0.0341
17, 51, 0.0344
17, 52, 0.0355
17, 53, 0.0292
17, 54, 0.0345
17, 55, 0.0299
17, 56, 0.0450
17, 57, 0.0305
17, 58, 0.0323
17, 59, 0.0306
17, 60, 0.0317
17, 61, 0.0316
17, 62, 0.5411
17, 63, 0.0282
17, 64, 0.0335
17, 65, 0.0403
17, 66, 0.0300
17, 67, 0.0356
17, 68, 0.0320
17, 69, 0.0365
17, 70, 0.0316
17, 71, 0.0312
17, 72, 0.0338
17, 73, 0.0315
17, 74, 0.0370
17, 75, 0.6312
17, 76, 0.0358
17, 77, 0.0338
17, 78, 0.0302
17, 79, 0.0275
17, 80, 0.7363
17, 81, 0.0332
17, 82, 0.0259
17, 83, 0.0307
17, 84, 0.0290
17, 85, 0.0248
17, 86, 0.5429
17, 87, 0.0288
17, 88, 0.0291
17, 89, 0.0291
17, 90, 0.0310
17, 91, 0.0328
17, 92, 0.6980
17, 93, 0.0296
17, 94, 0.9048
17, 95, 0.0264
17, 96, 0.0306
17, 97, 0.0315
17, 98, 0.0326
17, 99, 0.0268
17, 100, 0.0282
17, 101, 0.0289
17, 102, 0.0285
17, 103, 0.0283
17, 104, 0.0334
17, 105, 0.0284
17, 106, 0.5330
17, 107, 0.0300
17, 108, 0.0000
18, 1, 0.1798
18, 2, 0.2144
18, 3, 0.2021
18, 4, 0.1974
18, 5, 0.2026
18, 6, 0.1932
18, 7, 0.0302
18, 8, 0.2225
18, 9, 0.6391
18, 10, 0.4845
18, 11, 0.4510
18, 12, 0.2043
18, 13, 0.2208
18, 14, 0.1835
18, 15, 0.2031
18, 16, 0.4317
18, 17, 0.0304
18, 18, 1.0000
18, 19, 0.1813
18, 20, 0.5659
18, 21, 0.2057
18, 22, 0.0000
18, 23, 0.2112
18, 24, 0.2348
18, 25, 0.4785
18, 26, 0.2130
18, 27, 0.4789
18, 28, 0.2341
18, 29, 0.2255
18, 30, 0.2215
18, 31, 0.1868
18, 32, 0.2171
18, 33, 0.1935
18, 34, 0.0307
18, 35, 0.0343
18, 36, 0.2125
18, 37, 0.6290
18, 38, 0.0000
18, 39, 0.8239
18, 40, 0.6008
18, 41, 0.5846
18, 42, 0.5815
18, 43, 0.1986
18, 44, 0.7572
18, 45, 0.2113
18, 46, 0.4673
18, 47, 0.1898
18, 48, 0.0329
18, 49, 0.7939
18, 50, 0.2218
18, 51, 0.2236
18, 52, 0.2304
18, 53, 0.1898
18, 54, 0.2238
18, 55, 0.1948
18, 56, 0.2913
18, 57, 0.4364
18, 58, 0.4618
18, 59, 0.4669
18, 60, 0.4828
18, 61, 0.2056
18, 62, 0.1886
18, 63, 0.1833
18, 64, 0.2175
18, 65, 0.6684
18, 66, 0.1952
18, 67, 0.2312
18, 68, 0.4566
18, 69, 0.2372
18, 70, 0.2055
18, 71, 0.4457
18, 72, 0.2195
18, 73, 0.6008
18, 74, 0.5629
18, 75, 0.2197
18, 76, 0.2322
18, 77, 0.2196
18, 78, 0.1963
18, 79, 0.1789
18, 80, 0.2087
18, 81, 0.2160
18, 82, 0.1686
18, 83, 0.4379
18, 84, 0.1889
18, 85, 0.1618
18, 86, 0.1892
18, 87, 0.1873
18, 88, 0.4159
18, 89, 0.1895
18, 90, 0.2016
18, 91, 0.2134
18, 92, 0.0301
18, 93, 0.1927
18, 94, 0.0279
18, 95, 0.1720
18, 96, 0.4369
18, 97, 0.2045
18, 98, 0.2121
18, 99, 0.1744
18, 100, 0.1838
18, 101, 0.1879
18, 102, 0.1852
18, 103, 0.4046
18, 104, 0.2173
18, 105, 0.1847
18, 106, 0.1858
18, 107, 0.8026
18, 108, 0.0000
19, 1, 0.1662
19, 2, 0.1954
19, 3, 0.4714
19, 4, 0.1812
19, 5, 0.1856
19, 6, 0.6219
19, 7, 0.0277
19, 8, 0.2021
19, 9, 0.1603
19, 10, 0.2005
19, 11, 0.1879
19, 12, 0.6546
19, 13, 0.2007
19, 14, 0.1694
19, 15, 0.1859
19, 16, 0.1804
19, 17, 0.0279
19, 18, 0.1813
19, 19, 1.0000
19, 20, 0.4522
19, 21, 0.1881
19, 22, 0.0000
19, 23, 0.1927
19, 24, 0.2122
19, 25, 0.1983
19, 26, 0.1942
19, 27, 0.1984
19, 28, 0.2116
19, 29, 0.2046
19, 30, 0.2013
19, 31, 0.7837
19, 32, 0.1976
19, 33, 0.1779
19, 34, 0.0281
19, 35, 0.0311
19, 36, 0.1938
19, 37, 0.1954
19, 38, 0.0000
19, 39, 0.1835
19, 40, 0.4778
19, 41, 0.5506
19, 42, 0.6368
19, 43, 0.1822
19, 44, 0.1874
19, 45, 0.1928
19, 46, 0.1940
19, 47, 0.1747
19, 48, 0.0300
19, 49, 0.1866
19, 50, 0.2015
19, 51, 0.2030
19, 52, 0.2086
19, 53, 0.1747
19, 54, 0.2032
19, 55, 0.1790
19, 56, 0.2573
19, 57, 0.1823
19, 58, 0.1919
19, 59, 0.1827
19, 60, 0.1884
19, 61, 0.1881
19, 62, 0.1737
19, 63, 0.1692
19, 64, 0.1980
19, 65, 0.2337
19, 66, 0.1793
19, 67, 0.2092
19, 68, 0.1900
19, 69, 0.2142
19, 70, 0.1880
19, 71, 0.1858
19, 72, 0.1996
19, 73, 0.4778
19, 74, 0.2166
19, 75, 0.1997
19, 76, 0.2101
19, 77, 0.1997
19, 78, 0.1802
19, 79, 0.7530
19, 80, 0.1907
19, 81, 0.1967
19, 82, 0.1566
19, 83, 0.4655
19, 84, 0.4368
19, 85, 0.1507
19, 86, 0.1743
19, 87, 0.1726
19, 88, 0.1744
19, 89, 0.1745
19, 90, 0.1847
19, 91, 0.1945
19, 92, 0.0276
19, 93, 0.1772
19, 94, 0.0258
19, 95, 0.1595
19, 96, 0.1824
19, 97, 0.1871
19, 98, 0.1935
19, 99, 0.1616
19, 100, 0.1696
19, 101, 0.1731
19, 102, 0.4357
19, 103, 0.1700
19, 104, 0.1978
19, 105, 0.1704
19, 106, 0.1713
19, 107, 0.1791
19, 108, 0.0000
20, 1, 0.1759
20, 2, 0.2088
20, 3, 0.5451
20, 4, 0.1927
20, 5, 0.1977
20, 6, 0.4811
20, 7, 0.0295
20, 8, 0.5985
20, 9, 0.4964
20, 10, 0.4717
20, 11, 0.4399
20, 12, 0.5080
20, 13, 0.2150
20, 14, 0.1794
20, 15, 0.1981
20, 16, 0.4214
20, 17, 0.0296
20, 18, 0.5659
20, 19, 0.4522
20, 20, 1.0000
20, 21, 0.2006
20, 22, 0.0000
20, 23, 0.2058
20, 24, 0.2282
20, 25, 0.4660
20, 26, 0.2075
20, 27, 0.2123
20, 28, 0.2275
20, 29, 0.2194
20, 30, 0.2156
20, 31, 0.1826
20, 32, 0.2114
20, 33, 0.1890
20, 34, 0.0299
20, 35, 0.0334
20, 36, 0.2071
20, 37, 0.6128
20, 38, 0.0000
20, 39, 0.5731
20, 40, 0.8481
20, 41, 0.7517
20, 42, 0.7478
20, 43, 0.1938
20, 44, 0.5860
20, 45, 0.2059
20, 46, 0.2073
20, 47, 0.1854
20, 48, 0.0321
20, 49, 0.5832
20, 50, 0.2159
20, 51, 0.2175
20, 52, 0.2240
20, 53, 0.1854
20, 54, 0.2178
20, 55, 0.1902
20, 56, 0.2812
20, 57, 0.4259
20, 58, 0.4501
20, 59, 0.1944
20, 60, 0.2009
20, 61, 0.2005
20, 62, 0.1843
20, 63, 0.1792
20, 64, 0.2118
20, 65, 0.2532
20, 66, 0.1906
20, 67, 0.2248
20, 68, 0.4452
20, 69, 0.2305
20, 70, 0.2004
20, 71, 0.4348
20, 72, 0.2137
20, 73, 0.7721
20, 74, 0.2333
20, 75, 0.2139
20, 76, 0.2257
20, 77, 0.2138
20, 78, 0.1916
20, 79, 0.1750
20, 80, 0.2035
20, 81, 0.2104
20, 82, 0.1652
20, 83, 0.5378
20, 84, 0.4634
20, 85, 0.1586
20, 86, 0.1849
20, 87, 0.1830
20, 88, 0.1850
20, 89, 0.1852
20, 90, 0.1967
20, 91, 0.2079
20, 92, 0.0294
20, 93, 0.1882
20, 94, 0.0273
20, 95, 0.1684
20, 96, 0.4264
20, 97, 0.1995
20, 98, 0.2067
20, 99, 0.1707
20, 100, 0.1797
20, 101, 0.1836
20, 102, 0.5006
20, 103, 0.1801
20, 104, 0.2116
20, 105, 0.1806
20, 106, 0.1816
20, 107, 0.5585
20, 108, 0.0000
21, 1, 0.1864
21, 2, 0.2239
21, 3, 0.2105
21, 4, 0.2054
21, 5, 0.2111
21, 6, 0.2009
21, 7, 0.0315
21, 8, 0.2327
21, 9, 0.1790
21, 10, 0.2307
21, 11, 0.2141
21, 12, 0.2129
21, 13, 0.2309
21, 14, 0.1904
21, 15, 0.2116
21, 16, 0.2045
21, 17, 0.0316
21, 18, 0.2057
21, 19, 0.1881
21, 20, 0.2006
21, 21, 1.0000
21, 22, 0.0000
21, 23, 0.2204
21, 24, 0.2462
21, 25, 0.2277
21, 26, 0.2224
21, 27, 0.2278
21, 28, 0.2454
21, 29, 0.2361
21, 30, 0.2316
21, 31, 0.1939
21, 32, 0.2269
21, 33, 0.2012
21, 34, 0.0319
21, 35, 0.0359
21, 36, 0.2218
21, 37, 0.2239
21, 38, 0.0000
21, 39, 0.7221
21, 40, 0.5481
21, 41, 0.2075
21, 42, 0.2063
21, 43, 0.2067
21, 44, 0.5481
21, 45, 0.2205
21, 46, 0.2221
21, 47, 0.1972
21, 48, 0.0344
21, 49, 0.2124
21, 50, 0.2320
21, 51, 0.2339
21, 52, 0.2414
21, 53, 0.1972
21, 54, 0.2342
21, 55, 0.2026
21, 56, 0.3092
21, 57, 0.2068
21, 58, 0.2194
21, 59, 0.2074
21, 60, 0.2148
21, 61, 0.2143
21, 62, 0.1959
21, 63, 0.1902
21, 64, 0.2273
21, 65, 0.2756
21, 66, 0.2031
21, 67, 0.6221
21, 68, 0.2168
21, 69, 0.6391
21, 70, 0.2142
21, 71, 0.2114
21, 72, 0.2295
21, 73, 0.2135
21, 74, 0.2522
21, 75, 0.2296
21, 76, 0.2434
21, 77, 0.2296
21, 78, 0.2042
21, 79, 0.1854
21, 80, 0.2177
21, 81, 0.2256
21, 82, 0.1744
21, 83, 0.5329
21, 84, 0.5038
21, 85, 0.1671
21, 86, 0.1966
21, 87, 0.1945
21, 88, 0.1967
21, 89, 0.1969
21, 90, 0.7274
21, 91, 0.2228
21, 92, 0.0314
21, 93, 0.2003
21, 94, 0.0290
21, 95, 0.1781
21, 96, 0.2071
21, 97, 0.2131
21, 98, 0.2214
21, 99, 0.1806
21, 100, 0.1907
21, 101, 0.1951
21, 102, 0.1923
21, 103, 0.1912
21, 104, 0.2270
21, 105, 0.1917
21, 106, 0.1929
21, 107, 0.2028
21, 108, 0.0000
22, 1, 0.0000
22, 2, 0.0000
22, 3, 0.0000
22, 4, 0.0000
22, 5, 0.0000
22, 6, 0.0000
22, 7, 0.0000
22, 8, 0.0000
22, 9, 0.0000
22, 10, 0.0000
22, 11, 0.0000
22, 12, 0.0000
22, 13, 0.0000
22, 14, 0.0000
22, 15, 0.0000
22, 16, 0.0000
22, 17, 0.0000
22, 18, 0.0000
22, 19, 0.0000
22, 20, 0.0000
22, 21, 0.0000
22, 22, 1.0000
22, 23, 0.0000
22, 24, 0.0000
22, 25, 0.0000
22, 26, 0.0000
22, 27, 0.0000
22, 28, 0.0000
22, 29, 0.0000
22, 30, 0.0000
22, 31, 0.0000
22, 32, 0.0000
22, 33, 0.0000
22, 34, 0.0000
22, 35, 0.0000
22, 36, 0.0000
22, 37, 0.0000
22, 38, 0.0000
22, 39, 0.0000
22, 40, 0.0000
22, 41, 0.0000
22, 42, 0.0000
22, 43, 0.0000
22, 44, 0.0000
22, 45, 0.0000
22, 46, 0.0000
22, 47, 0.0000
22, 48, 0.0000
22, 49, 0.0000
22, 50, 0.0000
22, 51, 0.0000
22, 52, 0.0000
22, 53, 0.0000
22, 54, 0.0000
22, 55, 0.0000
22, 56, 0.0000
22, 57, 0.0000
22, 58, 0.0000
22, 59, 0.0000
22, 60, 0.0000
22, 61, 0.0000
22, 62, 0.0000
22, 63, 0.0000
22, 64, 0.0000
22, 65, 0.0000
22, 66, 0.0000
22, 67, 0.0000
22, 68, 0.0000
22, 69, 0.0000
22, 70, 0.0000
22, 71, 0.0000
22, 72, 0.0000
22, 73, 0.0000
22, 74, 0.0000
22, 75, 0.0000
22, 76, 0.0000
22, 77, 0.0000
22, 78, 0.0000
22, 79, 0.0000
22, 80, 0.0000
22, 81, 0.0000
22, 82, 0.0000
22, 83, 0.0000
22, 84, 0.0000
22, 85, 0.0000
22, 86, 0.0000
22, 87, 0.0000
22, 88, 0.0000
22, 89, 0.0000
22, 90, 0.0000
22, 91, 0.0000
22, 92, 0.0000
22, 93, 0.0000
22, 94, 0.0000
22, 95, 0.0000
22, 96, 0.0000
22, 97, 0.0000
22, 98, 0.0000
22, 99, 0.0000
22, 100, 0.0000
22, 101, 0.0000
22, 102, 0.0000
22, 103, 0.0000
22, 104, 0.0000
22, 105, 0.0000
22, 106, 0.0000
22, 107, 0.0000
22, 108, 0.0000
23, 1, 0.1910
23, 2, 0.2304
23, 3, 0.2163
23, 4, 0.2109
23, 5, 0.2169
23, 6, 0.2061
23, 7, 0.0323
23, 8, 0.2398
23, 9, 0.1831
23, 10, 0.2377
23, 11, 0.2201
23, 12, 0.2188
23, 13, 0.2379
23, 14, 0.1951
23, 15, 0.2174
23, 16, 0.2100
23, 17, 0.0325
23, 18, 0.2112
23, 19, 0.1927
23, 20, 0.2058
23, 21, 0.2204
23, 22, 0.0000
23, 23, 1.0000
23, 24, 0.2542
23, 25, 0.2345
23, 26, 0.2289
23, 27, 0.2347
23, 28, 0.2533
23, 29, 0.2434
23, 30, 0.2387
23, 31, 0.1989
23, 32, 0.2336
23, 33, 0.2065
23, 34, 0.0328
23, 35, 0.0370
23, 36, 0.2283
23, 37, 0.2305
23, 38, 0.0000
23, 39, 0.2141
23, 40, 0.2194
23, 41, 0.2131
23, 42, 0.2119
23, 43, 0.2123
23, 44, 0.2194
23, 45, 0.2269
23, 46, 0.2285
23, 47, 0.2022
23, 48, 0.0354
23, 49, 0.2183
23, 50, 0.2390
23, 51, 0.2411
23, 52, 0.2491
23, 53, 0.2022
23, 54, 0.2414
23, 55, 0.2080
23, 56, 0.3218
23, 57, 0.2124
23, 58, 0.2257
23, 59, 0.2130
23, 60, 0.2208
23, 61, 0.2204
23, 62, 0.2009
23, 63, 0.1949
23, 64, 0.2341
23, 65, 0.2857
23, 66, 0.2085
23, 67, 0.2500
23, 68, 0.2230
23, 69, 0.2571
23, 70, 0.5222
23, 71, 0.2173
23, 72, 0.2364
23, 73, 0.2194
23, 74, 0.2605
23, 75, 0.2366
23, 76, 0.2512
23, 77, 0.5607
23, 78, 0.2096
23, 79, 0.1899
23, 80, 0.2239
23, 81, 0.2323
23, 82, 0.4230
23, 83, 0.2132
23, 84, 0.2012
23, 85, 0.4049
23, 86, 0.2016
23, 87, 0.1994
23, 88, 0.2018
23, 89, 0.2019
23, 90, 0.5115
23, 91, 0.2293
23, 92, 0.0322
23, 93, 0.2056
23, 94, 0.0297
23, 95, 0.1822
23, 96, 0.2127
23, 97, 0.2191
23, 98, 0.2278
23, 99, 0.4384
23, 100, 0.1954
23, 101, 0.2001
23, 102, 0.1971
23, 103, 0.1959
23, 104, 0.2338
23, 105, 0.1965
23, 106, 0.1977
23, 107, 0.2082
23, 108, 0.0000
24, 1, 0.2101
24, 2, 0.2588
24, 3, 0.2412
24, 4, 0.4596
24, 5, 0.2419
24, 6, 0.2286
24, 7, 0.0360
24, 8, 0.2707
24, 9, 0.2006
24, 10, 0.2680
24, 11, 0.2458
24, 12, 0.2443
24, 13, 0.2683
24, 14, 0.2151
24, 15, 0.2426
24, 16, 0.2333
24, 17, 0.0362
24, 18, 0.2348
24, 19, 0.2122
24, 20, 0.2282
24, 21, 0.2462
24, 22, 0.0000
24, 23, 0.2542
24, 24, 1.0000
24, 25, 0.2639
24, 26, 0.2569
24, 27, 0.2642
24, 28, 0.2881
24, 29, 0.6070
24, 30, 0.2693
24, 31, 0.2197
24, 32, 0.2629
24, 33, 0.2290
24, 34, 0.0366
24, 35, 0.0419
24, 36, 0.2561
24, 37, 0.2589
24, 38, 0.0000
24, 39, 0.2384
24, 40, 0.2451
24, 41, 0.2372
24, 42, 0.2357
24, 43, 0.2362
24, 44, 0.2450
24, 45, 0.2544
24, 46, 0.2565
24, 47, 0.2238
24, 48, 0.0399
24, 49, 0.2436
24, 50, 0.2697
24, 51, 0.6004
24, 52, 0.6230
24, 53, 0.2238
24, 54, 0.2727
24, 55, 0.2309
24, 56, 0.3801
24, 57, 0.2363
24, 58, 0.2529
24, 59, 0.2371
24, 60, 0.2468
24, 61, 0.2462
24, 62, 0.4124
24, 63, 0.2149
24, 64, 0.2635
24, 65, 0.3307
24, 66, 0.2315
24, 67, 0.2838
24, 68, 0.2494
24, 69, 0.2929
24, 70, 0.2461
24, 71, 0.2423
24, 72, 0.2664
24, 73, 0.2450
24, 74, 0.2975
24, 75, 0.5878
24, 76, 0.2853
24, 77, 0.2665
24, 78, 0.5135
24, 79, 0.2088
24, 80, 0.5526
24, 81, 0.2612
24, 82, 0.1950
24, 83, 0.2373
24, 84, 0.2226
24, 85, 0.1859
24, 86, 0.4918
24, 87, 0.2203
24, 88, 0.2232
24, 89, 0.2234
24, 90, 0.2404
24, 91, 0.2574
24, 92, 0.0358
24, 93, 0.2279
24, 94, 0.0327
24, 95, 0.1995
24, 96, 0.2366
24, 97, 0.2446
24, 98, 0.2556
24, 99, 0.2028
24, 100, 0.2155
24, 101, 0.2212
24, 102, 0.2175
24, 103, 0.2161
24, 104, 0.5801
24, 105, 0.2168
24, 106, 0.4052
24, 107, 0.2311
24, 108, 0.0000
25, 1, 0.1964
25, 2, 0.2384
25, 3, 0.2234
25, 4, 0.2176
25, 5, 0.2240
25, 6, 0.2125
25, 7, 0.0334
25, 8, 0.2485
25, 9, 0.4803
25, 10, 0.6284
25, 11, 0.8105
25, 12, 0.2260
25, 13, 0.2464
25, 14, 0.2008
25, 15, 0.2245
25, 16, 0.5529
25, 17, 0.0335
25, 18, 0.4785
25, 19, 0.1983
25, 20, 0.4660
25, 21, 0.2277
25, 22, 0.0000
25, 23, 0.2345
25, 24, 0.2639
25, 25, 1.0000
25, 26, 0.2367
25, 27, 0.2429
25, 28, 0.2630
25, 29, 0.2523
25, 30, 0.2472
25, 31, 0.2048
25, 32, 0.2418
25, 33, 0.2129
25, 34, 0.0339
25, 35, 0.0384
25, 36, 0.2361
25, 37, 0.5237
25, 38, 0.0000
25, 39, 0.4853
25, 40, 0.4978
25, 41, 0.4829
25, 42, 0.5581
25, 43, 0.2190
25, 44, 0.4977
25, 45, 0.2346
25, 46, 0.2364
25, 47, 0.2083
25, 48, 0.0367
25, 49, 0.4951
25, 50, 0.2476
25, 51, 0.2498
25, 52, 0.2584
25, 53, 0.2084
25, 54, 0.2501
25, 55, 0.2145
25, 56, 0.3376
25, 57, 0.5595
25, 58, 0.5957
25, 59, 0.2198
25, 60, 0.2281
25, 61, 0.2276
25, 62, 0.2070
25, 63, 0.2006
25, 64, 0.2423
25, 65, 0.2980
25, 66, 0.2150
25, 67, 0.2594
25, 68, 0.5882
25, 69, 0.2670
25, 70, 0.2275
25, 71, 0.5727
25, 72, 0.2448
25, 73, 0.4978
25, 74, 0.2708
25, 75, 0.2450
25, 76, 0.2607
25, 77, 0.2449
25, 78, 0.2162
25, 79, 0.1953
25, 80, 0.2314
25, 81, 0.2404
25, 82, 0.1831
25, 83, 0.4832
25, 84, 0.2073
25, 85, 0.1751
25, 86, 0.2077
25, 87, 0.2053
25, 88, 0.2079
25, 89, 0.2080
25, 90, 0.2227
25, 91, 0.2372
25, 92, 0.0332
25, 93, 0.2119
25, 94, 0.0306
25, 95, 0.1871
25, 96, 0.5602
25, 97, 0.2263
25, 98, 0.2356
25, 99, 0.1900
25, 100, 0.2011
25, 101, 0.2061
25, 102, 0.2029
25, 103, 0.2017
25, 104, 0.2420
25, 105, 0.2023
25, 106, 0.2036
25, 107, 0.4715
25, 108, 0.0000
26, 1, 0.1925
26, 2, 0.2326
26, 3, 0.2183
26, 4, 0.2127
26, 5, 0.2189
26, 6, 0.2079
26, 7, 0.0326
26, 8, 0.2422
26, 9, 0.1845
26, 10, 0.2400
26, 11, 0.2220
26, 12, 0.2208
26, 13, 0.2402
26, 14, 0.1966
26, 15, 0.2194
26, 16, 0.2118
26, 17, 0.0328
26, 18, 0.2130
26, 19, 0.1942
26, 20, 0.2075
26, 21, 0.2224
26, 22, 0.0000
26, 23, 0.2289
26, 24, 0.2569
26, 25, 0.2367
26, 26, 1.0000
26, 27, 0.2369
26, 28, 0.2560
26, 29, 0.2458
26, 30, 0.2410
26, 31, 0.2005
26, 32, 0.2358
