C0158266 C0011334 C0014175 C0002736 C0036421 C0392525 C0030319 C0001175 C2239176 C0079731 C0027819 C0022661 C0031099 C0002171 C0023343 C0023434 C1263846 C0014859 C0017668 C0014170 C0020676 C0011573 C0017601 C0014544 C0025202 C0004153 C0019163 C0002871 C0026769 C0004096 C0017661 C0024117 C0011615 C0005586 C0525045 C1956346 C1458155 C0684249 C0040136 C0919267 C0005695 C0007134 C2607914 C0030297 C0027022 C0030305 C0029401 C0036341 C0038356 C0027051 C0149931 C0007820 C0038013 C0003873 C0162871 C0029408 C0023473 C0019829 C0009324 C0010346 C0033860 C0027404 C0003872 C0024141 C0004763 C0008924 C0011860 C0026764 C0011854 C0034951 C1961102 C0028754 C0033578 C0007570 C0002395 C0020538 C0242383 C0007766 C0017665 C0040517 C0029456 C0016781 C0032460 C0085207 C0154778 C0022336 C0029899 C0023892 C0042900 C0018213 C0024530 C0004352 C0007193 C0149654 C0003868 C0023267 C0004943 C0026691 C0206368 C0162872 C0524620 C0004509 C0008313 C0030567 C1800706 C0035258 C0031347 C0028043 
C0158266 0.9997 0.6556 0.5755 0.7228 0.6319 0.4179 0.5036 0.5989 0.4248 0.5543 0.5965 0.4968 0.6730 0.6715 0.6737 0.5334 0.6993 0.4514 0.5412 0.4284 0.5718 0.4660 0.6657 0.6758 0.5103 0.4630 0.6816 0.4945 0.7787 0.6457 0.6559 0.6441 0.6062 0.5353 0.5190 0.4981 0.4339 0.4089 0.4398 0.4323 0.3731 0.3482 0.5118 0.4451 0.4564 0.6384 0.8653 0.5563 0.4530 0.4672 0.7059 0.5236 0.7576 0.7404 0.3029 0.8043 0.5142 0.5686 0.6399 0.6279 0.6571 0.5333 0.8003 0.6849 0.6602 0.5313 0.5306 0.5540 0.6174 0.5851 0.4443 0.6427 0.4579 0.6667 0.7293 0.5123 0.6637 0.3482 0.6117 0.7197 0.7682 0.6197 0.6255 0.5697 0.3948 0.7286 0.5835 0.5051 0.6589 0.6956 0.5788 0.4842 0.4884 0.5052 0.5705 0.4633 0.5873 0.5849 0.5189 0.3752 0.5595 0.4842 0.3298 0.7446 0.6179 0.7114 0.4009 0.4671 
C0011334 0.6556 1.0000 0.8570 0.7813 0.8111 0.5892 0.6802 0.8411 0.7576 0.8171 0.8597 0.6807 0.7943 0.7770 0.7715 0.8252 0.8338 0.7756 0.7304 0.7486 0.7746 0.5429 0.8447 0.7494 0.8527 0.6649 0.8795 0.7249 0.8408 0.8723 0.7934 0.7908 0.7690 0.6936 0.6680 0.6980 0.7675 0.7387 0.7611 0.7782 0.7174 0.7268 0.6798 0.7560 0.7067 0.8641 0.7841 0.7239 0.7569 0.6752 0.7751 0.6815 0.8918 0.9001 0.5411 0.8731 0.7900 0.8680 0.8673 0.8695 0.8937 0.6107 0.8811 0.8661 0.8879 0.7516 0.7300 0.8707 0.8220 0.7473 0.7202 0.7934 0.7945 0.8622 0.8366 0.7197 0.8464 0.5318 0.7647 0.8620 0.8766 0.8445 0.8743 0.7871 0.4257 0.7758 0.6231 0.6445 0.8470 0.7870 0.7890 0.6337 0.6279 0.6396 0.7104 0.6428 0.8191 0.8149 0.6047 0.5578 0.7584 0.6507 0.4540 0.8268 0.7343 0.7881 0.7142 0.5716 
C0014175 0.5755 0.8570 1.0000 0.7421 0.7420 0.5749 0.6896 0.8045 0.6667 0.7037 0.8048 0.6467 0.7201 0.7298 0.7203 0.7744 0.8470 0.7097 0.6743 0.7159 0.8213 0.5274 0.8592 0.7078 0.7809 0.6492 0.8542 0.6865 0.7938 0.8012 0.7261 0.7685 0.7012 0.6954 0.6746 0.6892 0.7015 0.6193 0.6989 0.7015 0.5972 0.6072 0.6588 0.6929 0.6016 0.8216 0.7099 0.7112 0.6946 0.6573 0.7420 0.6555 0.8324 0.8302 0.5112 0.8460 0.7496 0.8017 0.8086 0.8041 0.7943 0.5660 0.7974 0.7926 0.8591 0.6833 0.7952 0.7839 0.8504 0.7275 0.6010 0.7855 0.7074 0.8262 0.8235 0.7165 0.8653 0.5115 0.7266 0.8312 0.9125 0.7828 0.9348 0.8922 0.4632 0.7307 0.5582 0.5850 0.8005 0.7346 0.7708 0.6262 0.5981 0.6253 0.6262 0.6180 0.7896 0.7831 0.5992 0.5441 0.7589 0.7562 0.3985 0.8031 0.6413 0.7535 0.6399 0.5973 
C0002736 0.7228 0.7813 0.7421 1.0000 0.7559 0.5429 0.7226 0.7679 0.6368 0.6805 0.8492 0.6317 0.7800 0.7526 0.7778 0.7192 0.9519 0.6501 0.6836 0.6472 0.7020 0.6717 0.8477 0.9860 0.7183 0.6187 0.8331 0.6452 0.9748 0.7969 0.7587 0.7841 0.7106 0.7645 0.7402 0.6512 0.6283 0.6013 0.6417 0.6248 0.5570 0.5452 0.6533 0.6409 0.5615 0.8014 0.7299 0.7812 0.6361 0.6263 0.9932 0.8071 0.8149 0.8100 0.4768 0.8456 0.6989 0.7475 0.7831 0.7760 0.7792 0.8385 0.8153 0.8177 0.8208 0.6707 0.6560 0.7188 0.7470 0.7401 0.5918 0.7355 0.6348 0.7946 0.9692 0.6800 0.8331 0.6305 0.7307 0.9602 0.8195 0.7946 0.7904 0.7108 0.4071 0.9948 0.6153 0.6373 0.7755 0.7742 0.7431 0.7059 0.6389 0.6890 0.6340 0.6199 0.7547 0.7461 0.5945 0.5312 0.7086 0.5944 0.4457 0.9789 0.7223 0.9931 0.6089 0.6001 
C0036421 0.6319 0.8111 0.7420 0.7559 1.0000 0.7270 0.5220 0.8040 0.7108 0.7519 0.7873 0.7813 0.8552 0.8206 0.7774 0.8391 0.7443 0.7009 0.8192 0.6638 0.7514 0.4523 0.8240 0.7295 0.7638 0.7799 0.8526 0.7925 0.8094 0.8870 0.8615 0.8610 0.8155 0.5484 0.5152 0.8019 0.6677 0.6688 0.6875 0.6891 0.6293 0.6585 0.7074 0.7009 0.6859 0.8653 0.7176 0.5777 0.7026 0.7895 0.7509 0.7872 0.8389 0.8501 0.6709 0.8399 0.8186 0.7852 0.8634 0.8531 0.8968 0.5989 0.8473 0.9262 0.8741 0.6435 0.6782 0.7872 0.7847 0.6700 0.6376 0.7397 0.6863 0.8509 0.7956 0.8131 0.8215 0.7037 0.8364 0.8450 0.8142 0.8171 0.8119 0.7307 0.3761 0.7472 0.5800 0.7951 0.8751 0.8051 0.8526 0.4869 0.7781 0.5011 0.7215 0.6690 0.8812 0.8784 0.5342 0.6990 0.8203 0.5498 0.6018 0.8095 0.8774 0.7587 0.6537 0.4578 
C0392525 0.4179 0.5892 0.5749 0.5429 0.7270 1.0000 0.3365 0.6661 0.6632 0.5803 0.6011 0.9447 0.6918 0.5679 0.5274 0.7557 0.5423 0.5415 0.9118 0.4927 0.7140 0.2995 0.7384 0.5135 0.5775 0.8152 0.6965 0.7898 0.5771 0.7606 0.7734 0.7943 0.5032 0.3537 0.3232 0.8247 0.4827 0.6095 0.5273 0.5162 0.4988 0.6646 0.5200 0.5428 0.6029 0.7653 0.5054 0.3811 0.5462 0.8288 0.5331 0.7092 0.6184 0.6366 0.7318 0.6696 0.7622 0.6006 0.7519 0.7420 0.6420 0.4289 0.5989 0.6524 0.7633 0.4622 0.6554 0.6296 0.6933 0.5073 0.5258 0.6723 0.5069 0.7609 0.6119 0.8391 0.7229 0.7327 0.8237 0.6789 0.6615 0.6777 0.7034 0.6699 0.4080 0.5189 0.4001 0.8168 0.5881 0.6144 0.8065 0.3052 0.8289 0.3139 0.6569 0.4877 0.8155 0.8109 0.4343 0.7658 0.8247 0.4765 0.5764 0.6188 0.7881 0.5442 0.4969 0.3267 
C0030319 0.5036 0.6802 0.6896 0.7226 0.5220 0.3365 1.0000 0.6410 0.4157 0.4714 0.6010 0.4301 0.6084 0.5585 0.6176 0.4776 0.8507 0.4567 0.4709 0.4840 0.5639 0.8275 0.6922 0.7113 0.5169 0.3754 0.6497 0.3942 0.7241 0.5838 0.5510 0.5754 0.5861 0.9877 0.9797 0.4210 0.4969 0.3704 0.4932 0.4642 0.3776 0.3603 0.5547 0.4577 0.3149 0.6102 0.5545 0.9623 0.4591 0.3959 0.7217 0.4839 0.6371 0.6346 0.3170 0.6795 0.4459 0.5441 0.5922 0.5745 0.5976 0.6105 0.6513 0.6201 0.6669 0.6702 0.5385 0.5094 0.5933 0.5994 0.4256 0.5933 0.4892 0.5896 0.7957 0.4480 0.6857 0.3576 0.5550 0.7494 0.6961 0.5886 0.6610 0.5925 0.2895 0.7401 0.4683 0.4064 0.6091 0.5879 0.5090 0.9316 0.4048 0.9235 0.4550 0.3950 0.5310 0.5196 0.4915 0.3553 0.4881 0.5424 0.2619 0.7385 0.4643 0.7284 0.3905 0.6191 
C0001175 0.5989 0.8411 0.8045 0.7679 0.8040 0.6661 0.6410 1.0000 0.7577 0.8261 0.8132 0.7282 0.7860 0.7566 0.7790 0.8028 0.7994 0.7223 0.8098 0.7363 0.7901 0.5495 0.8307 0.7396 0.7904 0.6771 0.8809 0.7319 0.8251 0.8972 0.8797 0.7805 0.8051 0.6634 0.6242 0.7093 0.7651 0.7021 0.7526 0.7698 0.6722 0.6937 0.7785 0.7789 0.6599 0.8516 0.7020 0.7223 0.7383 0.6912 0.7451 0.6920 0.8666 0.8939 0.5655 0.8281 0.7674 0.8361 0.8497 0.8408 0.8949 0.6340 0.8476 0.9028 0.9123 0.7367 0.7393 0.8350 0.8406 0.7205 0.7422 0.7906 0.7692 0.8462 0.8232 0.7425 0.8220 0.5560 0.8707 0.8676 0.8206 0.8558 0.8653 0.7787 0.4896 0.7596 0.6016 0.7158 0.8130 0.8381 0.8017 0.5902 0.6544 0.6137 0.7374 0.6348 0.8197 0.8252 0.6242 0.5930 0.7789 0.6710 0.5220 0.8125 0.7877 0.7679 0.6312 0.5532 
C2239176 0.4248 0.7576 0.6667 0.6368 0.7108 0.6632 0.4157 0.7577 0.9997 0.8488 0.8641 0.6631 0.6279 0.6575 0.5526 0.8017 0.6034 0.8928 0.7647 0.8758 0.6726 0.3546 0.6755 0.6203 0.8981 0.6116 0.7071 0.6893 0.6559 0.7985 0.7071 0.6555 0.6423 0.4415 0.3991 0.6262 0.8565 0.9517 0.8742 0.8811 0.8489 0.9253 0.5734 0.8829 0.7497 0.7931 0.5409 0.4950 0.8566 0.6237 0.6172 0.5882 0.7006 0.7442 0.5260 0.6376 0.7873 0.8609 0.7720 0.7817 0.7915 0.4980 0.6691 0.7413 0.7981 0.6329 0.6094 0.8827 0.6846 0.6088 0.7704 0.6578 0.8658 0.7420 0.6525 0.6623 0.6511 0.5268 0.6991 0.7168 0.6476 0.8256 0.7485 0.6364 0.4031 0.6070 0.4565 0.7108 0.6800 0.6279 0.6636 0.3724 0.6168 0.3886 0.6620 0.7746 0.7103 0.7188 0.4998 0.5282 0.6722 0.5234 0.5165 0.6507 0.6912 0.6354 0.8212 0.3611 
C0079731 0.5543 0.8171 0.7037 0.6805 0.7519 0.5803 0.4714 0.8261 0.8488 1.0000 0.8902 0.6407 0.6656 0.6918 0.6597 0.8817 0.6788 0.8302 0.7157 0.8579 0.7074 0.4042 0.7173 0.6640 0.9045 0.6797 0.7653 0.7885 0.7312 0.8689 0.7696 0.6759 0.6916 0.5005 0.4594 0.6907 0.8154 0.7953 0.8364 0.8568 0.8029 0.8391 0.6949 0.8611 0.8875 0.8056 0.6884 0.5430 0.7895 0.6778 0.6668 0.6661 0.8549 0.8671 0.5428 0.7353 0.8585 0.9424 0.7849 0.7975 0.8370 0.5401 0.7823 0.8121 0.8208 0.6059 0.6676 0.9571 0.7942 0.6680 0.8237 0.7141 0.8491 0.7842 0.6970 0.7170 0.7021 0.5136 0.7338 0.7619 0.7245 0.8131 0.7873 0.6977 0.3870 0.6653 0.5732 0.6214 0.7454 0.7171 0.7582 0.4312 0.5690 0.4518 0.6880 0.7957 0.7854 0.8080 0.5421 0.5437 0.7404 0.5473 0.4455 0.7086 0.7136 0.6944 0.7722 0.4050 
C0027819 0.5965 0.8597 0.8048 0.8492 0.7873 0.6011 0.6010 0.8132 0.8641 0.8902 1.0000 0.6638 0.7218 0.7561 0.7134 0.8902 0.8314 0.9080 0.7375 0.9115 0.7512 0.5235 0.8134 0.8368 0.9692 0.6815 0.8312 0.7640 0.8659 0.8654 0.7646 0.7464 0.7149 0.6337 0.5975 0.7014 0.8568 0.8228 0.8594 0.8719 0.8227 0.8337 0.6725 0.8885 0.8013 0.8631 0.7096 0.6553 0.8711 0.6855 0.8423 0.7555 0.8573 0.8681 0.5331 0.8028 0.8749 0.9655 0.8424 0.8518 0.8531 0.6893 0.8087 0.8262 0.8666 0.6756 0.7005 0.9480 0.8053 0.7461 0.7857 0.7404 0.8810 0.8388 0.8420 0.7381 0.7900 0.5965 0.7364 0.8801 0.8071 0.8949 0.8595 0.7621 0.4057 0.8330 0.5888 0.6479 0.8054 0.7314 0.7770 0.5598 0.6273 0.5614 0.6932 0.8401 0.8105 0.8140 0.5773 0.5570 0.7581 0.6171 0.4581 0.8534 0.7173 0.8625 0.8571 0.5034 
C0022661 0.4968 0.6807 0.6467 0.6317 0.7813 0.9447 0.4301 0.7282 0.6631 0.6407 0.6638 0.9999 0.7543 0.6502 0.6657 0.8022 0.6317 0.5795 0.9361 0.5409 0.7331 0.3345 0.7904 0.5949 0.6322 0.8180 0.7795 0.8048 0.6782 0.8258 0.8464 0.8629 0.5943 0.4450 0.4066 0.8356 0.5429 0.6085 0.5749 0.5616 0.5202 0.6660 0.6080 0.5874 0.6303 0.8100 0.5984 0.4772 0.5799 0.8307 0.6150 0.7358 0.7154 0.7296 0.7150 0.7573 0.7977 0.6688 0.8056 0.7974 0.7188 0.4817 0.6975 0.7358 0.8095 0.4998 0.6628 0.6866 0.7312 0.5694 0.5755 0.7028 0.5587 0.8096 0.6987 0.8461 0.7783 0.7058 0.8832 0.7608 0.7371 0.7415 0.7519 0.6920 0.3825 0.6154 0.4800 0.8170 0.6721 0.7086 0.8469 0.3794 0.8329 0.3938 0.7116 0.5163 0.8502 0.8491 0.4847 0.7471 0.8396 0.4973 0.5811 0.7119 0.8283 0.6340 0.5371 0.3913 
C0031099 0.6730 0.7943 0.7201 0.7800 0.8552 0.6918 0.6084 0.7860 0.6279 0.6656 0.7218 0.7543 1.0000 0.7513 0.7727 0.7666 0.7865 0.6116 0.7833 0.5769 0.7322 0.5272 0.8467 0.7569 0.6527 0.7314 0.8562 0.7251 0.8360 0.8557 0.8257 0.8689 0.7591 0.6293 0.5935 0.7636 0.5829 0.5590 0.6041 0.5859 0.5276 0.5445 0.7238 0.6132 0.5967 0.8669 0.7600 0.6455 0.6200 0.7466 0.7742 0.7420 0.8275 0.8324 0.6371 0.8735 0.7500 0.6987 0.8422 0.8194 0.8114 0.6247 0.8557 0.8459 0.8501 0.6520 0.6643 0.6952 0.7568 0.6608 0.6111 0.7542 0.5903 0.8283 0.8238 0.7707 0.8385 0.6803 0.8173 0.8472 0.8428 0.7308 0.7883 0.7124 0.4645 0.7682 0.6026 0.7711 0.7752 0.7763 0.8252 0.5482 0.7627 0.5613 0.7100 0.5672 0.8295 0.8231 0.6146 0.6814 0.7885 0.5613 0.6379 0.8294 0.8208 0.7753 0.5639 0.5354 
C0002171 0.6715 0.7770 0.7298 0.7526 0.8206 0.5679 0.5585 0.7566 0.6575 0.6918 0.7561 0.6502 0.7513 1.0000 0.8245 0.7165 0.7642 0.6948 0.7082 0.6797 0.7514 0.4736 0.7576 0.7040 0.7423 0.5933 0.8494 0.6254 0.8046 0.8074 0.8175 0.7541 0.8566 0.5817 0.5534 0.6284 0.6134 0.5964 0.6779 0.6429 0.5781 0.5672 0.6895 0.6667 0.5639 0.8167 0.7419 0.6089 0.6794 0.5997 0.7292 0.5998 0.8336 0.8357 0.4609 0.8198 0.6882 0.7478 0.8161 0.8044 0.8856 0.5576 0.8581 0.8624 0.8254 0.6263 0.6943 0.7272 0.7875 0.6773 0.5717 0.7369 0.6239 0.8184 0.7860 0.6483 0.7575 0.4661 0.7892 0.8088 0.7911 0.7790 0.8115 0.7424 0.4302 0.7530 0.5015 0.6171 0.9235 0.8498 0.7248 0.5195 0.6525 0.5127 0.6720 0.6460 0.7523 0.7546 0.5998 0.5121 0.7038 0.5960 0.4426 0.7957 0.7170 0.7571 0.6312 0.4830 
C0023343 0.6737 0.7715 0.7203 0.7778 0.7774 0.5274 0.6176 0.7790 0.5526 0.6597 0.7134 0.6657 0.7727 0.8245 0.9991 0.6704 0.7897 0.6045 0.7051 0.6232 0.6982 0.4751 0.7595 0.7246 0.6756 0.5770 0.8630 0.5997 0.8205 0.7917 0.8159 0.7718 0.7959 0.6264 0.5932 0.6210 0.6348 0.4928 0.6416 0.6176 0.5341 0.5022 0.6887 0.6439 0.4874 0.7748 0.7378 0.6553 0.6164 0.6014 0.7433 0.6188 0.8242 0.8217 0.4454 0.8267 0.6473 0.7060 0.7829 0.7874 0.8210 0.5785 0.8404 0.8349 0.8046 0.5810 0.6269 0.6820 0.7239 0.6805 0.5723 0.6953 0.6306 0.7852 0.8106 0.6418 0.7717 0.4497 0.7745 0.8304 0.7835 0.7756 0.7729 0.6852 0.3809 0.7915 0.5912 0.6007 0.8372 0.8462 0.7319 0.5555 0.6281 0.5777 0.6500 0.5512 0.7309 0.7326 0.5652 0.5106 0.6731 0.5432 0.4087 0.8327 0.7172 0.7696 0.5771 0.5419 
C0023434 0.5334 0.8252 0.7744 0.7192 0.8391 0.7557 0.4776 0.8028 0.8017 0.8817 0.8902 0.8022 0.7666 0.7165 0.6704 1.0000 0.7274 0.7866 0.7977 0.7729 0.8145 0.3913 0.8478 0.6932 0.8802 0.9127 0.8278 0.9578 0.7689 0.9172 0.8034 0.8329 0.6808 0.5002 0.4638 0.9154 0.7279 0.7506 0.7447 0.7596 0.7043 0.7671 0.6928 0.7759 0.9084 0.8803 0.6984 0.5252 0.7563 0.9097 0.7160 0.8537 0.8717 0.8733 0.7637 0.8272 0.9955 0.9160 0.8577 0.8597 0.8262 0.5557 0.7950 0.8223 0.8883 0.5768 0.7595 0.9317 0.8608 0.6705 0.7689 0.7893 0.7630 0.8782 0.7635 0.9290 0.8303 0.7616 0.7980 0.8293 0.8242 0.8306 0.8692 0.8072 0.3964 0.6948 0.5452 0.7244 0.7769 0.7280 0.9409 0.4238 0.7756 0.4271 0.7546 0.7469 0.9565 0.9638 0.5210 0.7811 0.9281 0.5992 0.5185 0.7799 0.7829 0.7363 0.7347 0.4411 
C1263846 0.6993 0.8338 0.8470 0.9519 0.7443 0.5423 0.8507 0.7994 0.6034 0.6788 0.8314 0.6317 0.7865 0.7642 0.7897 0.7274 1.0000 0.6386 0.6683 0.6483 0.7752 0.7453 0.8952 0.9331 0.7189 0.6230 0.8675 0.6487 0.9529 0.8044 0.7574 0.7976 0.7271 0.8780 0.8602 0.6628 0.6251 0.5579 0.6403 0.6176 0.5316 0.5230 0.6794 0.6312 0.5489 0.8252 0.7493 0.8784 0.6282 0.6322 0.9510 0.7615 0.8478 0.8380 0.4815 0.8837 0.7010 0.7573 0.8016 0.7900 0.7900 0.7930 0.8374 0.8241 0.8551 0.7203 0.7507 0.7266 0.8234 0.7703 0.5763 0.7994 0.6347 0.8252 0.9754 0.6930 0.8858 0.5805 0.7444 0.9588 0.8849 0.7888 0.8676 0.8109 0.4417 0.9537 0.6188 0.6057 0.8046 0.7877 0.7617 0.8163 0.6138 0.7996 0.6337 0.5926 0.7748 0.7655 0.6370 0.5339 0.7400 0.6767 0.4137 0.9630 0.6865 0.9564 0.5826 0.6683 
C0014859 0.4514 0.7756 0.7097 0.6501 0.7009 0.5415 0.4567 0.7223 0.8928 0.8302 0.9080 0.5795 0.6116 0.6948 0.6045 0.7866 0.6386 1.0000 0.6748 0.9577 0.6814 0.3785 0.6602 0.6411 0.9384 0.5613 0.7102 0.6530 0.6808 0.7581 0.6590 0.6041 0.6475 0.4767 0.4376 0.5792 0.8882 0.8319 0.9034 0.9295 0.9114 0.8843 0.5823 0.9511 0.7289 0.7772 0.5688 0.5031 0.9638 0.5714 0.6394 0.5794 0.7180 0.7508 0.4644 0.6470 0.7706 0.8868 0.7672 0.7773 0.7818 0.5126 0.6878 0.7237 0.7859 0.6183 0.6160 0.8852 0.6941 0.6248 0.7621 0.6225 0.9004 0.7283 0.6504 0.6190 0.6318 0.4747 0.6379 0.7058 0.6573 0.8294 0.7730 0.6621 0.3953 0.6303 0.4795 0.5906 0.7056 0.6280 0.6373 0.4065 0.5559 0.4144 0.6309 0.8661 0.6828 0.6887 0.4722 0.4693 0.6386 0.5316 0.4327 0.6577 0.6063 0.6666 0.9414 0.3740 
C0017668 0.5412 0.7304 0.6743 0.6836 0.8192 0.9118 0.4709 0.8098 0.7647 0.7157 0.7375 0.9361 0.7833 0.7082 0.7051 0.7977 0.6683 0.6748 0.9999 0.6428 0.7185 0.4015 0.7916 0.6410 0.7116 0.7650 0.8215 0.7619 0.7258 0.8662 0.9195 0.8608 0.6792 0.4867 0.4519 0.7922 0.6279 0.7036 0.6691 0.6573 0.6137 0.7596 0.6634 0.6848 0.6296 0.8410 0.6332 0.5275 0.6678 0.7798 0.6634 0.6983 0.7620 0.7859 0.6683 0.7740 0.7836 0.7362 0.8417 0.8393 0.7958 0.5332 0.7592 0.8065 0.8432 0.5857 0.6528 0.7425 0.7449 0.6176 0.6091 0.7024 0.6476 0.8266 0.7442 0.8031 0.7891 0.6793 0.9394 0.7957 0.7521 0.8149 0.7748 0.6913 0.3807 0.6710 0.5253 0.8334 0.7237 0.7832 0.8225 0.4218 0.8407 0.4487 0.6983 0.6072 0.8347 0.8345 0.5101 0.7067 0.8008 0.4965 0.6148 0.7507 0.8823 0.6796 0.6358 0.4129 
C0014170 0.4284 0.7486 0.7159 0.6472 0.6638 0.4927 0.4840 0.7363 0.8758 0.8579 0.9115 0.5409 0.5769 0.6797 0.6232 0.7729 0.6483 0.9577 0.6428 1.0000 0.6633 0.3968 0.6414 0.6404 0.9345 0.5251 0.6864 0.6363 0.6770 0.7467 0.6480 0.5613 0.6361 0.5089 0.4643 0.5438 0.9117 0.7993 0.9233 0.9324 0.8804 0.8769 0.6051 0.9565 0.7366 0.7379 0.5603 0.5349 0.9172 0.5361 0.6325 0.5473 0.7261 0.7568 0.4147 0.6349 0.7542 0.8990 0.7149 0.7243 0.7659 0.5157 0.6788 0.7139 0.7587 0.6055 0.6040 0.8897 0.6926 0.6346 0.7747 0.6126 0.9277 0.6854 0.6416 0.5885 0.6164 0.4201 0.6236 0.7004 0.6435 0.8158 0.7573 0.6519 0.3636 0.6282 0.4814 0.5300 0.6880 0.6172 0.6143 0.4414 0.4966 0.4461 0.6068 0.8860 0.6546 0.6652 0.5037 0.4238 0.6087 0.5539 0.3739 0.6520 0.5759 0.6667 0.9014 0.3798 
C0020676 0.5718 0.7746 0.8213 0.7020 0.7514 0.7140 0.5639 0.7901 0.6726 0.7074 0.7512 0.7331 0.7322 0.7514 0.6982 0.8145 0.7752 0.6814 0.7185 0.6633 1.0000 0.4759 0.8542 0.6749 0.7275 0.7693 0.8098 0.7984 0.7555 0.8096 0.7549 0.7676 0.6827 0.5850 0.5534 0.7905 0.6494 0.6289 0.7239 0.6547 0.5699 0.5856 0.6169 0.6854 0.6557 0.8450 0.6761 0.6239 0.6753 0.7740 0.6911 0.7544 0.8010 0.8078 0.6267 0.8194 0.8026 0.7551 0.8181 0.8001 0.7683 0.5441 0.7582 0.7994 0.9056 0.6326 0.9464 0.7708 0.9446 0.6794 0.6321 0.8824 0.6627 0.8755 0.7758 0.8304 0.8438 0.6077 0.7829 0.8221 0.8345 0.7841 0.9481 0.9546 0.6096 0.6837 0.5151 0.6591 0.7557 0.7870 0.8331 0.5109 0.6584 0.5034 0.7161 0.5906 0.8550 0.8540 0.6015 0.6636 0.9044 0.7339 0.4091 0.7713 0.6729 0.7114 0.6028 0.5926 
C0011573 0.4660 0.5429 0.5274 0.6717 0.4523 0.2995 0.8275 0.5495 0.3546 0.4042 0.5235 0.3345 0.5272 0.4736 0.4751 0.3913 0.7453 0.3785 0.4015 0.3968 0.4759 1.0000 0.5750 0.6771 0.4214 0.3152 0.5203 0.3308 0.6473 0.4730 0.4579 0.4808 0.4717 0.8554 0.8760 0.3433 0.3991 0.3317 0.3989 0.3662 0.3028 0.2954 0.4145 0.3776 0.2691 0.5053 0.4676 0.8473 0.3764 0.3226 0.6791 0.4755 0.4960 0.5014 0.2603 0.5396 0.3718 0.4433 0.4902 0.4763 0.4878 0.6585 0.5222 0.5297 0.5794 0.6348 0.4575 0.4149 0.4881 0.5376 0.3238 0.5160 0.3995 0.5022 0.7020 0.3736 0.5581 0.3450 0.4543 0.6636 0.5537 0.5336 0.5460 0.4872 0.3370 0.6847 0.3996 0.3799 0.4937 0.4649 0.4148 0.8238 0.3216 0.8559 0.3591 0.3329 0.4460 0.4293 0.4730 0.2920 0.4204 0.4786 0.2735 0.6471 0.4241 0.6741 0.3370 0.4996 
C0017601 0.6657 0.8447 0.8592 0.8477 0.8240 0.7384 0.6922 0.8307 0.6755 0.7173 0.8134 0.7904 0.8467 0.7576 0.7595 0.8478 0.8952 0.6602 0.7916 0.6414 0.8542 0.5750 1.0000 0.8246 0.7416 0.8157 0.8835 0.8144 0.8828 0.8829 0.8213 0.9030 0.7222 0.7128 0.6848 0.8514 0.6378 0.6276 0.6444 0.6468 0.5655 0.6001 0.6820 0.6523 0.6537 0.8833 0.7549 0.7343 0.6545 0.8279 0.8468 0.8330 0.8626 0.8625 0.6932 0.9272 0.8328 0.7827 0.8642 0.8498 0.8190 0.7011 0.8420 0.8491 0.9203 0.6859 0.8094 0.7782 0.8715 0.8387 0.6350 0.8570 0.6584 0.8912 0.9199 0.8729 0.9817 0.7290 0.8281 0.9332 0.9275 0.8319 0.9155 0.8634 0.5514 0.8367 0.6031 0.7321 0.8080 0.7948 0.8954 0.6523 0.7853 0.6440 0.7112 0.6011 0.9100 0.8978 0.7108 0.7337 0.8900 0.7139 0.4955 0.9155 0.7857 0.8561 0.5898 0.6349 
C0014544 0.6758 0.7494 0.7078 0.9860 0.7295 0.5135 0.7113 0.7396 0.6203 0.6640 0.8368 0.5949 0.7569 0.7040 0.7246 0.6932 0.9331 0.6411 0.6410 0.6404 0.6749 0.6771 0.8246 1.0000 0.7005 0.5872 0.7817 0.6211 0.9566 0.7645 0.7083 0.7370 0.6765 0.7583 0.7284 0.6167 0.6304 0.5842 0.6315 0.6209 0.5564 0.5413 0.6331 0.6370 0.5542 0.7681 0.6860 0.7696 0.6324 0.5973 0.9879 0.8150 0.7739 0.7746 0.4575 0.8041 0.6735 0.7254 0.7478 0.7357 0.7436 0.8626 0.7739 0.7889 0.7926 0.6471 0.6281 0.7004 0.7132 0.7276 0.5882 0.7157 0.6335 0.7573 0.9416 0.6541 0.8009 0.6337 0.6845 0.9368 0.7793 0.7632 0.7560 0.6769 0.4195 0.9801 0.6154 0.6190 0.7305 0.7224 0.7018 0.6960 0.5890 0.6602 0.6232 0.6214 0.7183 0.7108 0.5784 0.5055 0.6777 0.5810 0.4347 0.9533 0.6817 0.9823 0.5962 0.5856 
C0025202 0.5103 0.8527 0.7809 0.7183 0.7638 0.5775 0.5169 0.7904 0.8981 0.9045 0.9692 0.6322 0.6527 0.7423 0.6756 0.8802 0.7189 0.9384 0.7116 0.9345 0.7275 0.4214 0.7416 0.7005 1.0000 0.6430 0.7880 0.7387 0.7577 0.8388 0.7326 0.6818 0.7189 0.5395 0.4996 0.6590 0.8868 0.8618 0.8821 0.9067 0.8678 0.8869 0.6394 0.9127 0.8144 0.8351 0.6593 0.5722 0.8967 0.6470 0.7062 0.6570 0.8218 0.8413 0.5120 0.7374 0.8629 0.9754 0.8238 0.8360 0.8624 0.5566 0.7718 0.7990 0.8366 0.6439 0.6781 0.9677 0.7758 0.6997 0.8065 0.6965 0.9151 0.8078 0.7309 0.6969 0.7222 0.5165 0.7050 0.7837 0.7519 0.8768 0.8332 0.7325 0.3879 0.6991 0.5361 0.6029 0.8061 0.6893 0.7299 0.4605 0.5777 0.4704 0.6736 0.8368 0.7742 0.7815 0.5369 0.5185 0.7181 0.5888 0.4260 0.7376 0.6707 0.7335 0.8772 0.4516 
C0004153 0.4630 0.6649 0.6492 0.6187 0.7799 0.8152 0.3754 0.6771 0.6116 0.6797 0.6815 0.8180 0.7314 0.5933 0.5770 0.9127 0.6230 0.5613 0.7650 0.5251 0.7693 0.3152 0.8157 0.5872 0.6430 1.0000 0.7272 0.9741 0.6537 0.8108 0.7245 0.8285 0.5350 0.3906 0.3617 0.9954 0.4998 0.5594 0.5261 0.5329 0.4778 0.5637 0.5642 0.5503 0.7743 0.7798 0.5939 0.4107 0.5460 0.9971 0.6211 0.8922 0.7331 0.7258 0.8718 0.7641 0.9238 0.6932 0.7565 0.7509 0.6649 0.4761 0.6654 0.7020 0.7971 0.4521 0.7073 0.7260 0.7721 0.5421 0.5903 0.7408 0.5285 0.7981 0.6850 0.9861 0.8079 0.8874 0.7400 0.7483 0.7484 0.6906 0.7678 0.7415 0.3589 0.5939 0.4667 0.7311 0.6429 0.6290 0.9653 0.3313 0.8647 0.3418 0.6925 0.5540 0.9604 0.9586 0.4145 0.9037 0.9608 0.5109 0.5048 0.7054 0.7553 0.6301 0.5312 0.3787 
C0019163 0.6816 0.8795 0.8542 0.8331 0.8526 0.6965 0.6497 0.8809 0.7071 0.7653 0.8312 0.7795 0.8562 0.8494 0.8630 0.8278 0.8675 0.7102 0.8215 0.6864 0.8098 0.5203 0.8835 0.7817 0.7880 0.7272 1.0000 0.7446 0.8804 0.9111 0.9010 0.8906 0.8165 0.6664 0.6377 0.7639 0.6672 0.6450 0.6868 0.6888 0.6171 0.6337 0.7592 0.7076 0.6346 0.9453 0.7740 0.6944 0.7213 0.7347 0.8159 0.7267 0.9082 0.9045 0.5891 0.9077 0.7981 0.8333 0.9439 0.9386 0.9041 0.6152 0.8949 0.8966 0.9085 0.6720 0.7735 0.8045 0.8742 0.7444 0.6499 0.8112 0.6871 0.9405 0.8864 0.7759 0.8894 0.5999 0.8775 0.9057 0.8930 0.8294 0.9007 0.8367 0.4542 0.8343 0.5891 0.7658 0.9038 0.8852 0.8731 0.5947 0.7359 0.5853 0.7234 0.6263 0.8679 0.8677 0.6180 0.6404 0.8182 0.6448 0.5718 0.8925 0.8244 0.8351 0.6403 0.5639 
C0002871 0.4945 0.7249 0.6865 0.6452 0.7925 0.7898 0.3942 0.7319 0.6893 0.7885 0.7640 0.8048 0.7251 0.6254 0.5997 0.9578 0.6487 0.6530 0.7619 0.6363 0.7984 0.3308 0.8144 0.6211 0.7387 0.9741 0.7446 1.0000 0.6907 0.8474 0.7349 0.7949 0.5769 0.4134 0.3808 0.9657 0.6049 0.6324 0.6240 0.6399 0.5797 0.6492 0.6069 0.6555 0.8792 0.8033 0.6449 0.4419 0.6354 0.9689 0.6446 0.8925 0.7922 0.7879 0.8234 0.7804 0.9656 0.7860 0.7770 0.7743 0.7191 0.5054 0.7104 0.7466 0.8307 0.4947 0.7394 0.8228 0.8150 0.5866 0.7050 0.7780 0.6362 0.8195 0.6951 0.9753 0.7991 0.8231 0.7439 0.7705 0.7687 0.7502 0.8063 0.7688 0.3832 0.6160 0.5238 0.7172 0.6794 0.6448 0.9579 0.3514 0.7976 0.3643 0.7406 0.6508 0.9617 0.9663 0.4515 0.8463 0.9591 0.5598 0.4883 0.7160 0.7443 0.6597 0.6129 0.3977 
C0026769 0.7787 0.8408 0.7938 0.9748 0.8094 0.5771 0.7241 0.8251 0.6559 0.7312 0.8659 0.6782 0.8360 0.8046 0.8205 0.7689 0.9529 0.6808 0.7258 0.6770 0.7555 0.6473 0.8828 0.9566 0.7577 0.6537 0.8804 0.6907 1.0000 0.8575 0.8212 0.8164 0.7738 0.7596 0.7299 0.6884 0.6714 0.6128 0.6755 0.6648 0.5951 0.5785 0.7157 0.6800 0.6216 0.8471 0.8340 0.7776 0.6762 0.6625 0.9669 0.8008 0.9013 0.8980 0.5046 0.9184 0.7419 0.7982 0.8367 0.8253 0.8447 0.8081 0.9079 0.8796 0.8684 0.6871 0.7081 0.7761 0.8121 0.7677 0.6460 0.7930 0.6797 0.8477 0.9640 0.7193 0.8711 0.6194 0.7938 0.9674 0.8931 0.8261 0.8417 0.7629 0.4214 0.9685 0.6701 0.6635 0.8282 0.8400 0.7856 0.6873 0.6578 0.6778 0.6972 0.6538 0.7998 0.7968 0.6238 0.5544 0.7538 0.6339 0.4832 0.9744 0.7599 0.9724 0.6296 0.6039 
C0004096 0.6457 0.8723 0.8012 0.7969 0.8870 0.7606 0.5838 0.8972 0.7985 0.8689 0.8654 0.8258 0.8557 0.8074 0.7917 0.9172 0.8044 0.7581 0.8662 0.7467 0.8096 0.4730 0.8829 0.7645 0.8388 0.8108 0.9111 0.8474 0.8575 1.0000 0.9257 0.9088 0.8250 0.6037 0.5634 0.8358 0.7375 0.7568 0.7554 0.7557 0.6932 0.7499 0.8352 0.7693 0.7854 0.9147 0.7672 0.6447 0.7376 0.8206 0.7816 0.7836 0.9327 0.9465 0.6761 0.8929 0.8902 0.8907 0.9117 0.9018 0.9178 0.6250 0.9008 0.9246 0.9269 0.6530 0.7526 0.8950 0.8781 0.7292 0.7485 0.8095 0.7617 0.9051 0.8455 0.8562 0.8751 0.6767 0.9081 0.8933 0.8681 0.8527 0.8819 0.7987 0.4636 0.7835 0.5963 0.7745 0.8457 0.8744 0.9018 0.5193 0.7848 0.5409 0.7824 0.7242 0.9135 0.9235 0.6084 0.7018 0.8683 0.6288 0.5683 0.8534 0.8960 0.8024 0.6911 0.5303 
C0017661 0.6559 0.7934 0.7261 0.7587 0.8615 0.7734 0.5510 0.8797 0.7071 0.7696 0.7646 0.8464 0.8257 0.8175 0.8159 0.8034 0.7574 0.6590 0.9195 0.6480 0.7549 0.4579 0.8213 0.7083 0.7326 0.7245 0.9010 0.7349 0.8212 0.9257 1.0000 0.8789 0.8317 0.5717 0.5359 0.7571 0.6268 0.6492 0.6826 0.6561 0.5796 0.6740 0.8030 0.6878 0.6267 0.8814 0.7355 0.6106 0.6573 0.7339 0.7332 0.6922 0.8832 0.8949 0.6021 0.8556 0.7697 0.7933 0.8956 0.8876 0.8965 0.5769 0.8875 0.9092 0.8793 0.6187 0.6941 0.7800 0.8247 0.6956 0.6104 0.7343 0.6464 0.8783 0.8128 0.7663 0.8250 0.6047 0.9815 0.8540 0.8128 0.8218 0.8195 0.7389 0.4060 0.7586 0.5793 0.7826 0.8407 0.9335 0.8331 0.5011 0.7724 0.5245 0.7127 0.6051 0.8448 0.8509 0.5711 0.6446 0.7930 0.5438 0.5926 0.8245 0.9169 0.7545 0.5924 0.4660 
C0024117 0.6441 0.7908 0.7685 0.7841 0.8610 0.7943 0.5754 0.7805 0.6555 0.6759 0.7464 0.8629 0.8689 0.7541 0.7718 0.8329 0.7976 0.6041 0.8608 0.5613 0.7676 0.4808 0.9030 0.7370 0.6818 0.8285 0.8906 0.7949 0.8164 0.9088 0.8789 1.0000 0.7062 0.5974 0.5728 0.8618 0.5589 0.6332 0.5893 0.5755 0.5167 0.5971 0.6851 0.5888 0.6160 0.8789 0.7224 0.6170 0.5923 0.8349 0.7742 0.7904 0.8204 0.8191 0.7193 0.8835 0.8191 0.7343 0.8688 0.8639 0.8024 0.5998 0.8151 0.8292 0.8742 0.5979 0.7095 0.7225 0.7977 0.6836 0.5598 0.7644 0.5817 0.8802 0.8610 0.8573 0.9059 0.7414 0.8719 0.8781 0.8676 0.7743 0.8359 0.7710 0.4238 0.7833 0.5428 0.7959 0.7897 0.8165 0.9009 0.5323 0.8662 0.5484 0.6752 0.5397 0.8983 0.8895 0.5957 0.7585 0.8637 0.5814 0.5858 0.8669 0.9166 0.7810 0.5587 0.5118 
C0011615 0.6062 0.7690 0.7012 0.7106 0.8155 0.5032 0.5861 0.8051 0.6423 0.6916 0.7149 0.5943 0.7591 0.8566 0.7959 0.6808 0.7271 0.6475 0.6792 0.6361 0.6827 0.4717 0.7222 0.6765 0.7189 0.5350 0.8165 0.5769 0.7738 0.8250 0.8317 0.7062 1.0000 0.6032 0.5675 0.5707 0.6313 0.5811 0.6509 0.6369 0.5563 0.5452 0.8351 0.6570 0.5290 0.7974 0.6883 0.6507 0.6584 0.5482 0.6888 0.5622 0.8269 0.8384 0.4357 0.7768 0.6410 0.7389 0.8128 0.7964 0.9144 0.5421 0.8607 0.8866 0.8072 0.6622 0.6232 0.7231 0.7421 0.6665 0.5922 0.6811 0.6359 0.7859 0.7514 0.5985 0.7218 0.4323 0.8005 0.7783 0.7481 0.7609 0.7554 0.6710 0.4029 0.7083 0.5103 0.6096 0.9039 0.8366 0.6734 0.5157 0.5567 0.5290 0.6744 0.5828 0.7098 0.7162 0.5524 0.4685 0.6396 0.5775 0.4830 0.7445 0.7253 0.7070 0.5447 0.4967 
C0005586 0.5353 0.6936 0.6954 0.7645 0.5484 0.3537 0.9877 0.6634 0.4415 0.5005 0.6337 0.4450 0.6293 0.5817 0.6264 0.5002 0.8780 0.4767 0.4867 0.5089 0.5850 0.8554 0.7128 0.7583 0.5395 0.3906 0.6664 0.4134 0.7596 0.6037 0.5717 0.5974 0.6032 1.0000 0.9830 0.4356 0.5138 0.3996 0.5130 0.4853 0.3946 0.3775 0.5612 0.4836 0.3403 0.6314 0.5713 0.9679 0.4814 0.4087 0.7645 0.5222 0.6539 0.6522 0.3199 0.6972 0.4687 0.5682 0.6093 0.5918 0.6199 0.6554 0.6662 0.6486 0.6880 0.6922 0.5606 0.5339 0.6165 0.6256 0.4418 0.6211 0.5078 0.6118 0.8257 0.4627 0.7015 0.3827 0.5713 0.7803 0.7092 0.6134 0.6790 0.6109 0.3210 0.7809 0.4888 0.4328 0.6294 0.6045 0.5264 0.9354 0.4121 0.9266 0.4805 0.4167 0.5499 0.5391 0.5251 0.3614 0.5090 0.5663 0.2858 0.7714 0.4935 0.7697 0.4108 0.6235 
C0525045 0.5190 0.6680 0.6746 0.7402 0.5152 0.3232 0.9797 0.6242 0.3991 0.4594 0.5975 0.4066 0.5935 0.5534 0.5932 0.4638 0.8602 0.4376 0.4519 0.4643 0.5534 0.8760 0.6848 0.7284 0.4996 0.3617 0.6377 0.3808 0.7299 0.5634 0.5359 0.5728 0.5675 0.9830 1.0000 0.4059 0.4603 0.3613 0.4690 0.4385 0.3529 0.3377 0.5298 0.4324 0.3064 0.5928 0.5523 0.9602 0.4387 0.3757 0.7435 0.4904 0.6226 0.6143 0.2889 0.6698 0.4328 0.5296 0.5728 0.5594 0.5790 0.6329 0.6343 0.6068 0.6560 0.6827 0.5295 0.4928 0.5838 0.6047 0.3891 0.5872 0.4588 0.5810 0.8051 0.4309 0.6752 0.3506 0.5338 0.7530 0.6862 0.5831 0.6520 0.5847 0.3183 0.7595 0.4561 0.3976 0.6010 0.5748 0.4954 0.9600 0.3849 0.9535 0.4363 0.3821 0.5198 0.5068 0.5009 0.3299 0.4782 0.5544 0.2619 0.7458 0.4622 0.7452 0.3838 0.6046 
C1956346 0.4981 0.6980 0.6892 0.6512 0.8019 0.8247 0.4210 0.7093 0.6262 0.6907 0.7014 0.8356 0.7636 0.6284 0.6210 0.9154 0.6628 0.5792 0.7922 0.5438 0.7905 0.3433 0.8514 0.6167 0.6590 0.9954 0.7639 0.9657 0.6884 0.8358 0.7571 0.8618 0.5707 0.4356 0.4059 1.0000 0.5212 0.5740 0.5459 0.5527 0.4930 0.5783 0.5915 0.5698 0.7590 0.8080 0.6245 0.4538 0.5664 0.9961 0.6520 0.8892 0.7626 0.7563 0.8657 0.8030 0.9223 0.7100 0.7849 0.7780 0.6980 0.4983 0.7024 0.7342 0.8264 0.4803 0.7288 0.7383 0.7963 0.5753 0.5940 0.7650 0.5495 0.8224 0.7255 0.9883 0.8455 0.8820 0.7715 0.7815 0.7884 0.7143 0.7990 0.7689 0.4062 0.6286 0.4947 0.7493 0.6773 0.6686 0.9748 0.3710 0.8849 0.3839 0.7062 0.5617 0.9707 0.9677 0.4505 0.9037 0.9679 0.5370 0.5163 0.7431 0.7810 0.6606 0.5443 0.4158 
C1458155 0.4339 0.7675 0.7015 0.6283 0.6677 0.4827 0.4969 0.7651 0.8565 0.8154 0.8568 0.5429 0.5829 0.6134 0.6348 0.7279 0.6251 0.8882 0.6279 0.9117 0.6494 0.3991 0.6378 0.6304 0.8868 0.4998 0.6672 0.6049 0.6714 0.7375 0.6268 0.5589 0.6313 0.5138 0.4603 0.5212 1.0000 0.8223 0.8810 0.9480 0.9000 0.8463 0.5624 0.9287 0.6793 0.7126 0.5549 0.5665 0.8958 0.5195 0.6065 0.5425 0.6937 0.7449 0.4082 0.6304 0.7046 0.8578 0.7042 0.7130 0.7809 0.5072 0.6676 0.7385 0.7569 0.6357 0.5909 0.8617 0.6555 0.6206 0.8664 0.6285 0.9729 0.6734 0.6389 0.5690 0.6287 0.4080 0.6050 0.6927 0.6426 0.8065 0.7275 0.6206 0.3923 0.6101 0.5222 0.5628 0.6517 0.6042 0.5884 0.4307 0.4684 0.4473 0.6409 0.7477 0.6295 0.6354 0.4978 0.4071 0.5894 0.5730 0.3690 0.6352 0.5767 0.6293 0.8007 0.4360 
C0684249 0.4089 0.7387 0.6193 0.6013 0.6688 0.6095 0.3704 0.7021 0.9517 0.7953 0.8228 0.6085 0.5590 0.5964 0.4928 0.7506 0.5579 0.8319 0.7036 0.7993 0.6289 0.3317 0.6276 0.5842 0.8618 0.5594 0.6450 0.6324 0.6128 0.7568 0.6492 0.6332 0.5811 0.3996 0.3613 0.5740 0.8223 1.0000 0.8178 0.8303 0.8102 0.8887 0.4931 0.8091 0.7012 0.7259 0.4978 0.4684 0.7928 0.5720 0.5813 0.5532 0.6374 0.6847 0.4802 0.5812 0.7383 0.8142 0.7226 0.7400 0.7511 0.4627 0.6133 0.7015 0.7518 0.6251 0.5727 0.8452 0.6303 0.5725 0.7425 0.6120 0.8361 0.6942 0.6215 0.6073 0.6090 0.4851 0.6334 0.6703 0.6014 0.7882 0.6964 0.5891 0.3514 0.5759 0.4287 0.6214 0.6272 0.5836 0.6004 0.3256 0.5734 0.3390 0.6140 0.6867 0.6549 0.6597 0.4698 0.4734 0.6199 0.4965 0.4275 0.6077 0.6789 0.5957 0.7648 0.3389 
C0040136 0.4398 0.7611 0.6989 0.6417 0.6875 0.5273 0.4932 0.7526 0.8742 0.8364 0.8594 0.5749 0.6041 0.6779 0.6416 0.7447 0.6403 0.9034 0.6691 0.9233 0.7239 0.3989 0.6444 0.6315 0.8821 0.5261 0.6868 0.6240 0.6755 0.7554 0.6826 0.5893 0.6509 0.5130 0.4690 0.5459 0.8810 0.8178 1.0000 0.9003 0.8271 0.8537 0.6076 0.9188 0.7025 0.7438 0.5625 0.5500 0.8714 0.5422 0.6240 0.5452 0.7159 0.7532 0.4294 0.6378 0.7239 0.8520 0.7268 0.7300 0.7777 0.5222 0.6894 0.7362 0.7734 0.6384 0.6050 0.8556 0.6890 0.6205 0.7434 0.6243 0.8794 0.6877 0.6461 0.5875 0.6178 0.4261 0.6646 0.7062 0.6443 0.8015 0.7529 0.6442 0.3454 0.6229 0.4987 0.5594 0.6903 0.6991 0.6137 0.4456 0.5207 0.4595 0.6037 0.7991 0.6567 0.6650 0.4895 0.4393 0.6147 0.5215 0.3915 0.6510 0.6251 0.6525 0.8361 0.3962 
C0919267 0.4323 0.7782 0.7015 0.6248 0.6891 0.5162 0.4642 0.7698 0.8811 0.8568 0.8719 0.5616 0.5859 0.6429 0.6176 0.7596 0.6176 0.9295 0.6573 0.9324 0.6547 0.3662 0.6468 0.6209 0.9067 0.5329 0.6888 0.6399 0.6648 0.7557 0.6561 0.5755 0.6369 0.4853 0.4385 0.5527 0.9480 0.8303 0.9003 1.0000 0.9429 0.8854 0.5740 0.9665 0.7319 0.7436 0.5501 0.5264 0.9412 0.5476 0.6080 0.5524 0.7103 0.7561 0.4363 0.6347 0.7340 0.8771 0.7276 0.7329 0.8031 0.4990 0.6756 0.7437 0.7707 0.6095 0.5979 0.8824 0.6769 0.6145 0.8757 0.6178 0.9509 0.6823 0.6341 0.5922 0.6267 0.4329 0.6266 0.6936 0.6390 0.8045 0.7442 0.6269 0.3481 0.6067 0.5068 0.5732 0.6858 0.6242 0.6165 0.4135 0.5045 0.4308 0.6407 0.7877 0.6577 0.6678 0.4825 0.4319 0.6125 0.5557 0.3866 0.6369 0.6030 0.6313 0.8331 0.4018 
C0005695 0.3731 0.7174 0.5972 0.5570 0.6293 0.4988 0.3776 0.6722 0.8489 0.8029 0.8227 0.5202 0.5276 0.5781 0.5341 0.7043 0.5316 0.9114 0.6137 0.8804 0.5699 0.3028 0.5655 0.5564 0.8678 0.4778 0.6171 0.5797 0.5951 0.6932 0.5796 0.5167 0.5563 0.3946 0.3529 0.4930 0.9000 0.8102 0.8271 0.9429 1.0000 0.8821 0.4936 0.9088 0.6802 0.6676 0.4898 0.4318 0.9115 0.4922 0.5424 0.4990 0.6390 0.6854 0.4029 0.5529 0.6777 0.8252 0.6613 0.6715 0.7322 0.4311 0.6049 0.6650 0.6933 0.5425 0.5223 0.8316 0.5964 0.5445 0.8269 0.5381 0.9135 0.6162 0.5515 0.5316 0.5386 0.4010 0.5530 0.6110 0.5485 0.7472 0.6604 0.5428 0.3358 0.5382 0.4364 0.5256 0.6086 0.5418 0.5489 0.3221 0.4667 0.3329 0.5958 0.7483 0.5881 0.6021 0.4048 0.3867 0.5444 0.4652 0.3661 0.5574 0.5427 0.5646 0.8726 0.3251 
C0007134 0.3482 0.7268 0.6072 0.5452 0.6585 0.6646 0.3603 0.6937 0.9253 0.8391 0.8337 0.6660 0.5445 0.5672 0.5022 0.7671 0.5230 0.8843 0.7596 0.8769 0.5856 0.2954 0.6001 0.5413 0.8869 0.5637 0.6337 0.6492 0.5785 0.7499 0.6740 0.5971 0.5452 0.3775 0.3377 0.5783 0.8463 0.8887 0.8537 0.8854 0.8821 1.0000 0.5210 0.8796 0.7531 0.7141 0.4829 0.4089 0.8303 0.5774 0.5365 0.5311 0.6510 0.6967 0.4884 0.5659 0.7485 0.8434 0.7035 0.7188 0.7394 0.4334 0.6150 0.6641 0.7193 0.5197 0.5312 0.8671 0.6183 0.5589 0.7583 0.5516 0.8779 0.6568 0.5526 0.6073 0.5769 0.4778 0.6646 0.6331 0.5670 0.7760 0.6734 0.5599 0.3270 0.5235 0.4330 0.6102 0.6076 0.5607 0.6069 0.3140 0.5645 0.3396 0.5989 0.7662 0.6537 0.6631 0.4384 0.4723 0.6055 0.4259 0.4392 0.5666 0.6521 0.5578 0.8410 0.2894 
C2607914 0.5118 0.6798 0.6588 0.6533 0.7074 0.5200 0.5547 0.7785 0.5734 0.6949 0.6725 0.6080 0.7238 0.6895 0.6887 0.6928 0.6794 0.5823 0.6634 0.6051 0.6169 0.4145 0.6820 0.6331 0.6394 0.5642 0.7592 0.6069 0.7157 0.8352 0.8030 0.6851 0.8351 0.5612 0.5298 0.5915 0.5624 0.4931 0.6076 0.5740 0.4936 0.5210 1.0000 0.6198 0.5795 0.7338 0.6126 0.5878 0.5751 0.5760 0.6434 0.5627 0.8060 0.8100 0.4480 0.7185 0.6539 0.7143 0.7366 0.7159 0.7758 0.5144 0.7904 0.7873 0.7289 0.5598 0.5737 0.6968 0.7246 0.6072 0.5582 0.6142 0.5707 0.7144 0.6850 0.6136 0.6768 0.4565 0.7902 0.7155 0.6866 0.6426 0.6939 0.6288 0.3496 0.6472 0.4887 0.5629 0.7203 0.7855 0.6822 0.4928 0.5484 0.5129 0.6204 0.5989 0.6878 0.7073 0.4855 0.4800 0.6287 0.5398 0.4913 0.6864 0.7105 0.6641 0.5141 0.4257 
C0030297 0.4451 0.7560 0.6929 0.6409 0.7009 0.5428 0.4577 0.7789 0.8829 0.8611 0.8885 0.5874 0.6132 0.6667 0.6439 0.7759 0.6312 0.9511 0.6848 0.9565 0.6854 0.3776 0.6523 0.6370 0.9127 0.5503 0.7076 0.6555 0.6800 0.7693 0.6878 0.5888 0.6570 0.4836 0.4324 0.5698 0.9287 0.8091 0.9188 0.9665 0.9088 0.8796 0.6198 1.0000 0.7370 0.7776 0.5658 0.5192 0.9538 0.5627 0.6266 0.5712 0.7226 0.7646 0.4505 0.6436 0.7548 0.8866 0.7591 0.7681 0.7986 0.5206 0.6904 0.7431 0.7821 0.6255 0.6337 0.8825 0.7104 0.6207 0.8255 0.6438 0.9272 0.7215 0.6412 0.6133 0.6262 0.4544 0.6604 0.7079 0.6435 0.8283 0.7601 0.6599 0.3727 0.6215 0.5212 0.6095 0.6954 0.6395 0.6322 0.4047 0.5285 0.4302 0.6449 0.8370 0.6748 0.6847 0.4901 0.4569 0.6387 0.5380 0.4420 0.6504 0.6286 0.6537 0.8726 0.3851 
C0027022 0.4564 0.7067 0.6016 0.5615 0.6859 0.6029 0.3149 0.6599 0.7497 0.8875 0.8013 0.6303 0.5967 0.5639 0.4874 0.9084 0.5489 0.7289 0.6296 0.7366 0.6557 0.2691 0.6537 0.5542 0.8144 0.7743 0.6346 0.8792 0.6216 0.7854 0.6267 0.6160 0.5290 0.3403 0.3064 0.7590 0.6793 0.7012 0.7025 0.7319 0.6802 0.7531 0.5795 0.7370 1.0000 0.7124 0.6492 0.3665 0.6779 0.7639 0.5634 0.7235 0.7675 0.7649 0.6239 0.6634 0.9108 0.8462 0.6782 0.6837 0.6921 0.4490 0.6724 0.6727 0.7192 0.4436 0.6227 0.8884 0.7285 0.5371 0.7908 0.6573 0.7195 0.6971 0.5697 0.7819 0.6349 0.6055 0.6100 0.6496 0.6638 0.6929 0.6993 0.6422 0.3067 0.5323 0.5054 0.5647 0.6134 0.5490 0.7791 0.2849 0.5742 0.3057 0.6509 0.7553 0.7969 0.8168 0.4080 0.6092 0.7737 0.4697 0.4134 0.5932 0.6222 0.5851 0.6760 0.2970 
C0030305 0.6384 0.8641 0.8216 0.8014 0.8653 0.7653 0.6102 0.8516 0.7931 0.8056 0.8631 0.8100 0.8669 0.8167 0.7748 0.8803 0.8252 0.7772 0.8410 0.7379 0.8450 0.5053 0.8833 0.7681 0.8351 0.7798 0.9453 0.8033 0.8471 0.9147 0.8814 0.8789 0.7974 0.6314 0.5928 0.8080 0.7126 0.7259 0.7438 0.7436 0.6676 0.7141 0.7338 0.7776 0.7124 1.0000 0.7396 0.6542 0.7917 0.7882 0.7903 0.7640 0.8779 0.8839 0.6742 0.8815 0.8618 0.8621 0.9845 0.9779 0.8930 0.6150 0.8669 0.8797 0.9347 0.6825 0.8097 0.8516 0.8844 0.7295 0.7038 0.8414 0.7304 0.9726 0.8521 0.8235 0.8768 0.6752 0.8688 0.8923 0.8698 0.8503 0.9079 0.8488 0.4510 0.7893 0.5919 0.8311 0.8667 0.8268 0.8717 0.5484 0.7622 0.5543 0.7576 0.6802 0.8920 0.8902 0.6199 0.7100 0.8641 0.6197 0.6294 0.8564 0.8389 0.8066 0.6818 0.5199 
C0029401 0.8653 0.7841 0.7099 0.7299 0.7176 0.5054 0.5545 0.7020 0.5409 0.6884 0.7096 0.5984 0.7600 0.7419 0.7378 0.6984 0.7493 0.5688 0.6332 0.5603 0.6761 0.4676 0.7549 0.6860 0.6593 0.5939 0.7740 0.6449 0.8340 0.7672 0.7355 0.7224 0.6883 0.5713 0.5523 0.6245 0.5549 0.4978 0.5625 0.5501 0.4898 0.4829 0.6126 0.5658 0.6492 0.7396 1.0000 0.5977 0.5604 0.5963 0.7157 0.6082 0.8957 0.8732 0.4426 0.9078 0.6811 0.7176 0.7406 0.7364 0.7581 0.5340 0.9212 0.7662 0.7608 0.5796 0.6353 0.7080 0.7392 0.6501 0.5725 0.7439 0.5762 0.7738 0.7664 0.6393 0.7558 0.4479 0.6995 0.7769 0.9006 0.7154 0.7512 0.6849 0.4305 0.7278 0.6915 0.5480 0.7548 0.7535 0.7043 0.5094 0.5740 0.5296 0.6191 0.5627 0.7175 0.7197 0.5344 0.4836 0.6830 0.5674 0.3789 0.7773 0.6622 0.7287 0.5293 0.4879 
C0036341 0.5563 0.7239 0.7112 0.7812 0.5777 0.3811 0.9623 0.7223 0.4950 0.5430 0.6553 0.4772 0.6455 0.6089 0.6553 0.5252 0.8784 0.5031 0.5275 0.5349 0.6239 0.8473 0.7343 0.7696 0.5722 0.4107 0.6944 0.4419 0.7776 0.6447 0.6106 0.6170 0.6507 0.9679 0.9602 0.4538 0.5665 0.4684 0.5500 0.5264 0.4318 0.4089 0.5878 0.5192 0.3665 0.6542 0.5977 1.0000 0.5117 0.4294 0.7718 0.5363 0.6773 0.6860 0.3338 0.7150 0.4946 0.5962 0.6404 0.6245 0.6647 0.6617 0.6927 0.7021 0.7351 0.7597 0.5926 0.5714 0.6438 0.6554 0.4998 0.6638 0.5563 0.6455 0.8471 0.4924 0.7251 0.3806 0.6129 0.8074 0.7257 0.6717 0.7091 0.6323 0.3657 0.7958 0.5126 0.4679 0.6547 0.6425 0.5505 0.9253 0.4267 0.9146 0.5119 0.4349 0.5765 0.5648 0.5571 0.3742 0.5384 0.6218 0.3035 0.7891 0.5253 0.7793 0.4311 0.6451 
C0038356 0.4530 0.7569 0.6946 0.6361 0.7026 0.5462 0.4591 0.7383 0.8566 0.7895 0.8711 0.5799 0.6200 0.6794 0.6164 0.7563 0.6282 0.9638 0.6678 0.9172 0.6753 0.3764 0.6545 0.6324 0.8967 0.5460 0.7213 0.6354 0.6762 0.7376 0.6573 0.5923 0.6584 0.4814 0.4387 0.5664 0.8958 0.7928 0.8714 0.9412 0.9115 0.8303 0.5751 0.9538 0.6779 0.7917 0.5604 0.5117 0.9999 0.5596 0.6248 0.5725 0.6989 0.7369 0.4615 0.6443 0.7368 0.8542 0.7860 0.7902 0.7875 0.5019 0.6802 0.7266 0.7844 0.6370 0.6122 0.8445 0.6795 0.6106 0.7972 0.6372 0.8940 0.7421 0.6421 0.6079 0.6286 0.4760 0.6352 0.6977 0.6497 0.8142 0.7572 0.6494 0.3864 0.6170 0.4893 0.6240 0.7094 0.6206 0.6263 0.4050 0.5367 0.4127 0.6552 0.8014 0.6706 0.6734 0.4641 0.4703 0.6300 0.5454 0.4606 0.6444 0.6052 0.6476 0.8683 0.3839 
C0027051 0.4672 0.6752 0.6573 0.6263 0.7895 0.8288 0.3959 0.6912 0.6237 0.6778 0.6855 0.8307 0.7466 0.5997 0.6014 0.9097 0.6322 0.5714 0.7798 0.5361 0.7740 0.3226 0.8279 0.5973 0.6470 0.9971 0.7347 0.9689 0.6625 0.8206 0.7339 0.8349 0.5482 0.4087 0.3757 0.9961 0.5195 0.5720 0.5422 0.5476 0.4922 0.5774 0.5760 0.5627 0.7639 0.7882 0.5963 0.4294 0.5596 1.0000 0.6278 0.8901 0.7363 0.7338 0.8764 0.7730 0.9196 0.6942 0.7653 0.7564 0.6770 0.4876 0.6754 0.7132 0.8071 0.4636 0.7080 0.7269 0.7715 0.5513 0.5976 0.7472 0.5462 0.8001 0.6950 0.9893 0.8175 0.8908 0.7492 0.7592 0.7568 0.6997 0.7724 0.7413 0.3635 0.6012 0.4836 0.7436 0.6490 0.6378 0.9646 0.3466 0.8834 0.3480 0.6992 0.5599 0.9608 0.9589 0.4218 0.9115 0.9599 0.5174 0.5080 0.7144 0.7669 0.6374 0.5380 0.3905 
