1, 1, 0.9997
1, 2, 0.6556
1, 3, 0.5755
1, 4, 0.7228
1, 5, 0.6319
1, 6, 0.4179
1, 7, 0.5036
1, 8, 0.5989
1, 9, 0.4248
1, 10, 0.5543
1, 11, 0.5965
1, 12, 0.4968
1, 13, 0.6730
1, 14, 0.6715
1, 15, 0.6737
1, 16, 0.5334
1, 17, 0.6993
1, 18, 0.4514
1, 19, 0.5412
1, 20, 0.4284
1, 21, 0.5718
1, 22, 0.4660
1, 23, 0.6657
1, 24, 0.6758
1, 25, 0.5103
1, 26, 0.4630
1, 27, 0.6816
1, 28, 0.4945
1, 29, 0.7787
1, 30, 0.6457
1, 31, 0.6559
1, 32, 0.6441
1, 33, 0.6062
1, 34, 0.5353
1, 35, 0.5190
1, 36, 0.4981
1, 37, 0.4339
1, 38, 0.4089
1, 39, 0.4398
1, 40, 0.4323
1, 41, 0.3731
1, 42, 0.3482
1, 43, 0.5118
1, 44, 0.4451
1, 45, 0.4564
1, 46, 0.6384
1, 47, 0.8653
1, 48, 0.5563
1, 49, 0.4530
1, 50, 0.4672
1, 51, 0.7059
1, 52, 0.5236
1, 53, 0.7576
1, 54, 0.7404
1, 55, 0.3029
1, 56, 0.8043
1, 57, 0.5142
1, 58, 0.5686
1, 59, 0.6399
1, 60, 0.6279
1, 61, 0.6571
1, 62, 0.5333
1, 63, 0.8003
1, 64, 0.6849
1, 65, 0.6602
1, 66, 0.5313
1, 67, 0.5306
1, 68, 0.5540
1, 69, 0.6174
1, 70, 0.5851
1, 71, 0.4443
1, 72, 0.6427
1, 73, 0.4579
1, 74, 0.6667
1, 75, 0.7293
1, 76, 0.5123
1, 77, 0.6637
1, 78, 0.3482
1, 79, 0.6117
1, 80, 0.7197
1, 81, 0.7682
1, 82, 0.6197
1, 83, 0.6255
1, 84, 0.5697
1, 85, 0.3948
1, 86, 0.7286
1, 87, 0.5835
1, 88, 0.5051
1, 89, 0.6589
1, 90, 0.6956
1, 91, 0.5788
1, 92, 0.4842
1, 93, 0.4884
1, 94, 0.5052
1, 95, 0.5705
1, 96, 0.4633
1, 97, 0.5873
1, 98, 0.5849
1, 99, 0.5189
1, 100, 0.3752
1, 101, 0.5595
1, 102, 0.4842
1, 103, 0.3298
1, 104, 0.7446
1, 105, 0.6179
1, 106, 0.7114
1, 107, 0.4009
1, 108, 0.4671
2, 1, 0.6556
2, 2, 1.0000
2, 3, 0.8570
2, 4, 0.7813
2, 5, 0.8111
2, 6, 0.5892
2, 7, 0.6802
2, 8, 0.8411
2, 9, 0.7576
2, 10, 0.8171
2, 11, 0.8597
2, 12, 0.6807
2, 13, 0.7943
2, 14, 0.7770
2, 15, 0.7715
2, 16, 0.8252
2, 17, 0.8338
2, 18, 0.7756
2, 19, 0.7304
2, 20, 0.7486
2, 21, 0.7746
2, 22, 0.5429
2, 23, 0.8447
2, 24, 0.7494
2, 25, 0.8527
2, 26, 0.6649
2, 27, 0.8795
2, 28, 0.7249
2, 29, 0.8408
2, 30, 0.8723
2, 31, 0.7934
2, 32, 0.7908
2, 33, 0.7690
2, 34, 0.6936
2, 35, 0.6680
2, 36, 0.6980
2, 37, 0.7675
2, 38, 0.7387
2, 39, 0.7611
2, 40, 0.7782
2, 41, 0.7174
2, 42, 0.7268
2, 43, 0.6798
2, 44, 0.7560
2, 45, 0.7067
2, 46, 0.8641
2, 47, 0.7841
2, 48, 0.7239
2, 49, 0.7569
2, 50, 0.6752
2, 51, 0.7751
2, 52, 0.6815
2, 53, 0.8918
2, 54, 0.9001
2, 55, 0.5411
2, 56, 0.8731
2, 57, 0.7900
2, 58, 0.8680
2, 59, 0.8673
2, 60, 0.8695
2, 61, 0.8937
2, 62, 0.6107
2, 63, 0.8811
2, 64, 0.8661
2, 65, 0.8879
2, 66, 0.7516
2, 67, 0.7300
2, 68, 0.8707
2, 69, 0.8220
2, 70, 0.7473
2, 71, 0.7202
2, 72, 0.7934
2, 73, 0.7945
2, 74, 0.8622
2, 75, 0.8366
2, 76, 0.7197
2, 77, 0.8464
2, 78, 0.5318
2, 79, 0.7647
2, 80, 0.8620
2, 81, 0.8766
2, 82, 0.8445
2, 83, 0.8743
2, 84, 0.7871
2, 85, 0.4257
2, 86, 0.7758
2, 87, 0.6231
2, 88, 0.6445
2, 89, 0.8470
2, 90, 0.7870
2, 91, 0.7890
2, 92, 0.6337
2, 93, 0.6279
2, 94, 0.6396
2, 95, 0.7104
2, 96, 0.6428
2, 97, 0.8191
2, 98, 0.8149
2, 99, 0.6047
2, 100, 0.5578
2, 101, 0.7584
2, 102, 0.6507
2, 103, 0.4540
2, 104, 0.8268
2, 105, 0.7343
2, 106, 0.7881
2, 107, 0.7142
2, 108, 0.5716
3, 1, 0.5755
3, 2, 0.8570
3, 3, 1.0000
3, 4, 0.7421
3, 5, 0.7420
3, 6, 0.5749
3, 7, 0.6896
3, 8, 0.8045
3, 9, 0.6667
3, 10, 0.7037
3, 11, 0.8048
3, 12, 0.6467
3, 13, 0.7201
3, 14, 0.7298
3, 15, 0.7203
3, 16, 0.7744
3, 17, 0.8470
3, 18, 0.7097
3, 19, 0.6743
3, 20, 0.7159
3, 21, 0.8213
3, 22, 0.5274
3, 23, 0.8592
3, 24, 0.7078
3, 25, 0.7809
3, 26, 0.6492
3, 27, 0.8542
3, 28, 0.6865
3, 29, 0.7938
3, 30, 0.8012
3, 31, 0.7261
3, 32, 0.7685
3, 33, 0.7012
3, 34, 0.6954
3, 35, 0.6746
3, 36, 0.6892
3, 37, 0.7015
3, 38, 0.6193
3, 39, 0.6989
3, 40, 0.7015
3, 41, 0.5972
3, 42, 0.6072
3, 43, 0.6588
3, 44, 0.6929
3, 45, 0.6016
3, 46, 0.8216
3, 47, 0.7099
3, 48, 0.7112
3, 49, 0.6946
3, 50, 0.6573
3, 51, 0.7420
3, 52, 0.6555
3, 53, 0.8324
3, 54, 0.8302
3, 55, 0.5112
3, 56, 0.8460
3, 57, 0.7496
3, 58, 0.8017
3, 59, 0.8086
3, 60, 0.8041
3, 61, 0.7943
3, 62, 0.5660
3, 63, 0.7974
3, 64, 0.7926
3, 65, 0.8591
3, 66, 0.6833
3, 67, 0.7952
3, 68, 0.7839
3, 69, 0.8504
3, 70, 0.7275
3, 71, 0.6010
3, 72, 0.7855
3, 73, 0.7074
3, 74, 0.8262
3, 75, 0.8235
3, 76, 0.7165
3, 77, 0.8653
3, 78, 0.5115
3, 79, 0.7266
3, 80, 0.8312
3, 81, 0.9125
3, 82, 0.7828
3, 83, 0.9348
3, 84, 0.8922
3, 85, 0.4632
3, 86, 0.7307
3, 87, 0.5582
3, 88, 0.5850
3, 89, 0.8005
3, 90, 0.7346
3, 91, 0.7708
3, 92, 0.6262
3, 93, 0.5981
3, 94, 0.6253
3, 95, 0.6262
3, 96, 0.6180
3, 97, 0.7896
3, 98, 0.7831
3, 99, 0.5992
3, 100, 0.5441
3, 101, 0.7589
3, 102, 0.7562
3, 103, 0.3985
3, 104, 0.8031
3, 105, 0.6413
3, 106, 0.7535
3, 107, 0.6399
3, 108, 0.5973
4, 1, 0.7228
4, 2, 0.7813
4, 3, 0.7421
4, 4, 1.0000
4, 5, 0.7559
4, 6, 0.5429
4, 7, 0.7226
4, 8, 0.7679
4, 9, 0.6368
4, 10, 0.6805
4, 11, 0.8492
4, 12, 0.6317
4, 13, 0.7800
4, 14, 0.7526
4, 15, 0.7778
4, 16, 0.7192
4, 17, 0.9519
4, 18, 0.6501
4, 19, 0.6836
4, 20, 0.6472
4, 21, 0.7020
4, 22, 0.6717
4, 23, 0.8477
4, 24, 0.9860
4, 25, 0.7183
4, 26, 0.6187
4, 27, 0.8331
4, 28, 0.6452
4, 29, 0.9748
4, 30, 0.7969
4, 31, 0.7587
4, 32, 0.7841
4, 33, 0.7106
4, 34, 0.7645
4, 35, 0.7402
4, 36, 0.6512
4, 37, 0.6283
4, 38, 0.6013
4, 39, 0.6417
4, 40, 0.6248
4, 41, 0.5570
4, 42, 0.5452
4, 43, 0.6533
4, 44, 0.6409
4, 45, 0.5615
4, 46, 0.8014
4, 47, 0.7299
4, 48, 0.7812
4, 49, 0.6361
4, 50, 0.6263
4, 51, 0.9932
4, 52, 0.8071
4, 53, 0.8149
4, 54, 0.8100
4, 55, 0.4768
4, 56, 0.8456
4, 57, 0.6989
4, 58, 0.7475
4, 59, 0.7831
4, 60, 0.7760
4, 61, 0.7792
4, 62, 0.8385
4, 63, 0.8153
4, 64, 0.8177
4, 65, 0.8208
4, 66, 0.6707
4, 67, 0.6560
4, 68, 0.7188
4, 69, 0.7470
4, 70, 0.7401
4, 71, 0.5918
4, 72, 0.7355
4, 73, 0.6348
4, 74, 0.7946
4, 75, 0.9692
4, 76, 0.6800
4, 77, 0.8331
4, 78, 0.6305
4, 79, 0.7307
4, 80, 0.9602
4, 81, 0.8195
4, 82, 0.7946
4, 83, 0.7904
4, 84, 0.7108
4, 85, 0.4071
4, 86, 0.9948
4, 87, 0.6153
4, 88, 0.6373
4, 89, 0.7755
4, 90, 0.7742
4, 91, 0.7431
4, 92, 0.7059
4, 93, 0.6389
4, 94, 0.6890
4, 95, 0.6340
4, 96, 0.6199
4, 97, 0.7547
4, 98, 0.7461
4, 99, 0.5945
4, 100, 0.5312
4, 101, 0.7086
4, 102, 0.5944
4, 103, 0.4457
4, 104, 0.9789
4, 105, 0.7223
4, 106, 0.9931
4, 107, 0.6089
4, 108, 0.6001
5, 1, 0.6319
5, 2, 0.8111
5, 3, 0.7420
5, 4, 0.7559
5, 5, 1.0000
5, 6, 0.7270
5, 7, 0.5220
5, 8, 0.8040
5, 9, 0.7108
5, 10, 0.7519
5, 11, 0.7873
5, 12, 0.7813
5, 13, 0.8552
5, 14, 0.8206
5, 15, 0.7774
5, 16, 0.8391
5, 17, 0.7443
5, 18, 0.7009
5, 19, 0.8192
5, 20, 0.6638
5, 21, 0.7514
5, 22, 0.4523
5, 23, 0.8240
5, 24, 0.7295
5, 25, 0.7638
5, 26, 0.7799
5, 27, 0.8526
5, 28, 0.7925
5, 29, 0.8094
5, 30, 0.8870
5, 31, 0.8615
5, 32, 0.8610
5, 33, 0.8155
5, 34, 0.5484
5, 35, 0.5152
5, 36, 0.8019
5, 37, 0.6677
5, 38, 0.6688
5, 39, 0.6875
5, 40, 0.6891
5, 41, 0.6293
5, 42, 0.6585
5, 43, 0.7074
5, 44, 0.7009
5, 45, 0.6859
5, 46, 0.8653
5, 47, 0.7176
5, 48, 0.5777
5, 49, 0.7026
5, 50, 0.7895
5, 51, 0.7509
5, 52, 0.7872
5, 53, 0.8389
5, 54, 0.8501
5, 55, 0.6709
5, 56, 0.8399
5, 57, 0.8186
5, 58, 0.7852
5, 59, 0.8634
5, 60, 0.8531
5, 61, 0.8968
5, 62, 0.5989
5, 63, 0.8473
5, 64, 0.9262
5, 65, 0.8741
5, 66, 0.6435
5, 67, 0.6782
5, 68, 0.7872
5, 69, 0.7847
5, 70, 0.6700
5, 71, 0.6376
5, 72, 0.7397
5, 73, 0.6863
5, 74, 0.8509
5, 75, 0.7956
5, 76, 0.8131
5, 77, 0.8215
5, 78, 0.7037
5, 79, 0.8364
5, 80, 0.8450
5, 81, 0.8142
5, 82, 0.8171
5, 83, 0.8119
5, 84, 0.7307
5, 85, 0.3761
5, 86, 0.7472
5, 87, 0.5800
5, 88, 0.7951
5, 89, 0.8751
5, 90, 0.8051
5, 91, 0.8526
5, 92, 0.4869
5, 93, 0.7781
5, 94, 0.5011
5, 95, 0.7215
5, 96, 0.6690
5, 97, 0.8812
5, 98, 0.8784
5, 99, 0.5342
5, 100, 0.6990
5, 101, 0.8203
5, 102, 0.5498
5, 103, 0.6018
5, 104, 0.8095
5, 105, 0.8774
5, 106, 0.7587
5, 107, 0.6537
5, 108, 0.4578
6, 1, 0.4179
6, 2, 0.5892
6, 3, 0.5749
6, 4, 0.5429
6, 5, 0.7270
6, 6, 1.0000
6, 7, 0.3365
6, 8, 0.6661
6, 9, 0.6632
6, 10, 0.5803
6, 11, 0.6011
6, 12, 0.9447
6, 13, 0.6918
6, 14, 0.5679
6, 15, 0.5274
6, 16, 0.7557
6, 17, 0.5423
6, 18, 0.5415
6, 19, 0.9118
6, 20, 0.4927
6, 21, 0.7140
6, 22, 0.2995
6, 23, 0.7384
6, 24, 0.5135
6, 25, 0.5775
6, 26, 0.8152
6, 27, 0.6965
6, 28, 0.7898
6, 29, 0.5771
6, 30, 0.7606
6, 31, 0.7734
6, 32, 0.7943
6, 33, 0.5032
6, 34, 0.3537
6, 35, 0.3232
6, 36, 0.8247
6, 37, 0.4827
6, 38, 0.6095
6, 39, 0.5273
6, 40, 0.5162
6, 41, 0.4988
6, 42, 0.6646
6, 43, 0.5200
6, 44, 0.5428
6, 45, 0.6029
6, 46, 0.7653
6, 47, 0.5054
6, 48, 0.3811
6, 49, 0.5462
6, 50, 0.8288
6, 51, 0.5331
6, 52, 0.7092
6, 53, 0.6184
6, 54, 0.6366
6, 55, 0.7318
6, 56, 0.6696
6, 57, 0.7622
6, 58, 0.6006
6, 59, 0.7519
6, 60, 0.7420
6, 61, 0.6420
6, 62, 0.4289
6, 63, 0.5989
6, 64, 0.6524
6, 65, 0.7633
6, 66, 0.4622
6, 67, 0.6554
6, 68, 0.6296
6, 69, 0.6933
6, 70, 0.5073
6, 71, 0.5258
6, 72, 0.6723
6, 73, 0.5069
6, 74, 0.7609
6, 75, 0.6119
6, 76, 0.8391
6, 77, 0.7229
6, 78, 0.7327
6, 79, 0.8237
6, 80, 0.6789
6, 81, 0.6615
6, 82, 0.6777
6, 83, 0.7034
6, 84, 0.6699
6, 85, 0.4080
6, 86, 0.5189
6, 87, 0.4001
6, 88, 0.8168
6, 89, 0.5881
6, 90, 0.6144
6, 91, 0.8065
6, 92, 0.3052
6, 93, 0.8289
6, 94, 0.3139
6, 95, 0.6569
6, 96, 0.4877
6, 97, 0.8155
6, 98, 0.8109
6, 99, 0.4343
6, 100, 0.7658
6, 101, 0.8247
6, 102, 0.4765
6, 103, 0.5764
6, 104, 0.6188
6, 105, 0.7881
6, 106, 0.5442
6, 107, 0.4969
6, 108, 0.3267
7, 1, 0.5036
7, 2, 0.6802
7, 3, 0.6896
7, 4, 0.7226
7, 5, 0.5220
7, 6, 0.3365
7, 7, 1.0000
7, 8, 0.6410
7, 9, 0.4157
7, 10, 0.4714
7, 11, 0.6010
7, 12, 0.4301
7, 13, 0.6084
7, 14, 0.5585
7, 15, 0.6176
7, 16, 0.4776
7, 17, 0.8507
7, 18, 0.4567
7, 19, 0.4709
7, 20, 0.4840
7, 21, 0.5639
7, 22, 0.8275
7, 23, 0.6922
7, 24, 0.7113
7, 25, 0.5169
7, 26, 0.3754
7, 27, 0.6497
7, 28, 0.3942
7, 29, 0.7241
7, 30, 0.5838
7, 31, 0.5510
7, 32, 0.5754
7, 33, 0.5861
7, 34, 0.9877
7, 35, 0.9797
7, 36, 0.4210
7, 37, 0.4969
7, 38, 0.3704
7, 39, 0.4932
7, 40, 0.4642
7, 41, 0.3776
7, 42, 0.3603
7, 43, 0.5547
7, 44, 0.4577
7, 45, 0.3149
7, 46, 0.6102
7, 47, 0.5545
7, 48, 0.9623
7, 49, 0.4591
7, 50, 0.3959
7, 51, 0.7217
7, 52, 0.4839
7, 53, 0.6371
7, 54, 0.6346
7, 55, 0.3170
7, 56, 0.6795
7, 57, 0.4459
7, 58, 0.5441
7, 59, 0.5922
7, 60, 0.5745
7, 61, 0.5976
7, 62, 0.6105
7, 63, 0.6513
7, 64, 0.6201
7, 65, 0.6669
7, 66, 0.6702
7, 67, 0.5385
7, 68, 0.5094
7, 69, 0.5933
7, 70, 0.5994
7, 71, 0.4256
7, 72, 0.5933
7, 73, 0.4892
7, 74, 0.5896
7, 75, 0.7957
7, 76, 0.4480
7, 77, 0.6857
7, 78, 0.3576
7, 79, 0.5550
7, 80, 0.7494
7, 81, 0.6961
7, 82, 0.5886
7, 83, 0.6610
7, 84, 0.5925
7, 85, 0.2895
7, 86, 0.7401
7, 87, 0.4683
7, 88, 0.4064
7, 89, 0.6091
7, 90, 0.5879
7, 91, 0.5090
7, 92, 0.9316
7, 93, 0.4048
7, 94, 0.9235
7, 95, 0.4550
7, 96, 0.3950
7, 97, 0.5310
7, 98, 0.5196
7, 99, 0.4915
7, 100, 0.3553
7, 101, 0.4881
7, 102, 0.5424
7, 103, 0.2619
7, 104, 0.7385
7, 105, 0.4643
7, 106, 0.7284
7, 107, 0.3905
7, 108, 0.6191
8, 1, 0.5989
8, 2, 0.8411
8, 3, 0.8045
8, 4, 0.7679
8, 5, 0.8040
8, 6, 0.6661
8, 7, 0.6410
8, 8, 1.0000
8, 9, 0.7577
8, 10, 0.8261
8, 11, 0.8132
8, 12, 0.7282
8, 13, 0.7860
8, 14, 0.7566
8, 15, 0.7790
8, 16, 0.8028
8, 17, 0.7994
8, 18, 0.7223
8, 19, 0.8098
8, 20, 0.7363
8, 21, 0.7901
8, 22, 0.5495
8, 23, 0.8307
8, 24, 0.7396
8, 25, 0.7904
8, 26, 0.6771
8, 27, 0.8809
8, 28, 0.7319
8, 29, 0.8251
8, 30, 0.8972
8, 31, 0.8797
8, 32, 0.7805
8, 33, 0.8051
8, 34, 0.6634
8, 35, 0.6242
8, 36, 0.7093
8, 37, 0.7651
8, 38, 0.7021
8, 39, 0.7526
8, 40, 0.7698
8, 41, 0.6722
8, 42, 0.6937
8, 43, 0.7785
8, 44, 0.7789
8, 45, 0.6599
8, 46, 0.8516
8, 47, 0.7020
8, 48, 0.7223
8, 49, 0.7383
8, 50, 0.6912
8, 51, 0.7451
8, 52, 0.6920
8, 53, 0.8666
8, 54, 0.8939
8, 55, 0.5655
8, 56, 0.8281
8, 57, 0.7674
8, 58, 0.8361
8, 59, 0.8497
8, 60, 0.8408
8, 61, 0.8949
8, 62, 0.6340
8, 63, 0.8476
8, 64, 0.9028
8, 65, 0.9123
8, 66, 0.7367
8, 67, 0.7393
8, 68, 0.8350
8, 69, 0.8406
8, 70, 0.7205
8, 71, 0.7422
8, 72, 0.7906
8, 73, 0.7692
8, 74, 0.8462
8, 75, 0.8232
8, 76, 0.7425
8, 77, 0.8220
8, 78, 0.5560
8, 79, 0.8707
8, 80, 0.8676
8, 81, 0.8206
8, 82, 0.8558
8, 83, 0.8653
8, 84, 0.7787
8, 85, 0.4896
8, 86, 0.7596
8, 87, 0.6016
8, 88, 0.7158
8, 89, 0.8130
8, 90, 0.8381
8, 91, 0.8017
8, 92, 0.5902
8, 93, 0.6544
8, 94, 0.6137
8, 95, 0.7374
8, 96, 0.6348
8, 97, 0.8197
8, 98, 0.8252
8, 99, 0.6242
8, 100, 0.5930
8, 101, 0.7789
8, 102, 0.6710
8, 103, 0.5220
8, 104, 0.8125
8, 105, 0.7877
8, 106, 0.7679
8, 107, 0.6312
8, 108, 0.5532
9, 1, 0.4248
9, 2, 0.7576
9, 3, 0.6667
9, 4, 0.6368
9, 5, 0.7108
9, 6, 0.6632
9, 7, 0.4157
9, 8, 0.7577
9, 9, 0.9997
9, 10, 0.8488
9, 11, 0.8641
9, 12, 0.6631
9, 13, 0.6279
9, 14, 0.6575
9, 15, 0.5526
9, 16, 0.8017
9, 17, 0.6034
9, 18, 0.8928
9, 19, 0.7647
9, 20, 0.8758
9, 21, 0.6726
9, 22, 0.3546
9, 23, 0.6755
9, 24, 0.6203
9, 25, 0.8981
9, 26, 0.6116
9, 27, 0.7071
9, 28, 0.6893
9, 29, 0.6559
9, 30, 0.7985
9, 31, 0.7071
9, 32, 0.6555
9, 33, 0.6423
9, 34, 0.4415
9, 35, 0.3991
9, 36, 0.6262
9, 37, 0.8565
9, 38, 0.9517
9, 39, 0.8742
9, 40, 0.8811
9, 41, 0.8489
9, 42, 0.9253
9, 43, 0.5734
9, 44, 0.8829
9, 45, 0.7497
9, 46, 0.7931
9, 47, 0.5409
9, 48, 0.4950
9, 49, 0.8566
9, 50, 0.6237
9, 51, 0.6172
9, 52, 0.5882
9, 53, 0.7006
9, 54, 0.7442
9, 55, 0.5260
9, 56, 0.6376
9, 57, 0.7873
9, 58, 0.8609
9, 59, 0.7720
9, 60, 0.7817
9, 61, 0.7915
9, 62, 0.4980
9, 63, 0.6691
9, 64, 0.7413
9, 65, 0.7981
9, 66, 0.6329
9, 67, 0.6094
9, 68, 0.8827
9, 69, 0.6846
9, 70, 0.6088
9, 71, 0.7704
9, 72, 0.6578
9, 73, 0.8658
9, 74, 0.7420
9, 75, 0.6525
9, 76, 0.6623
9, 77, 0.6511
9, 78, 0.5268
9, 79, 0.6991
9, 80, 0.7168
9, 81, 0.6476
9, 82, 0.8256
9, 83, 0.7485
9, 84, 0.6364
9, 85, 0.4031
9, 86, 0.6070
9, 87, 0.4565
9, 88, 0.7108
9, 89, 0.6800
9, 90, 0.6279
9, 91, 0.6636
9, 92, 0.3724
9, 93, 0.6168
9, 94, 0.3886
9, 95, 0.6620
9, 96, 0.7746
9, 97, 0.7103
9, 98, 0.7188
9, 99, 0.4998
9, 100, 0.5282
9, 101, 0.6722
9, 102, 0.5234
9, 103, 0.5165
9, 104, 0.6507
9, 105, 0.6912
9, 106, 0.6354
9, 107, 0.8212
9, 108, 0.3611
10, 1, 0.5543
10, 2, 0.8171
10, 3, 0.7037
10, 4, 0.6805
10, 5, 0.7519
10, 6, 0.5803
10, 7, 0.4714
10, 8, 0.8261
10, 9, 0.8488
10, 10, 1.0000
10, 11, 0.8902
10, 12, 0.6407
10, 13, 0.6656
10, 14, 0.6918
10, 15, 0.6597
10, 16, 0.8817
10, 17, 0.6788
10, 18, 0.8302
10, 19, 0.7157
10, 20, 0.8579
10, 21, 0.7074
10, 22, 0.4042
10, 23, 0.7173
10, 24, 0.6640
10, 25, 0.9045
10, 26, 0.6797
10, 27, 0.7653
10, 28, 0.7885
10, 29, 0.7312
10, 30, 0.8689
10, 31, 0.7696
10, 32, 0.6759
10, 33, 0.6916
10, 34, 0.5005
10, 35, 0.4594
10, 36, 0.6907
10, 37, 0.8154
10, 38, 0.7953
10, 39, 0.8364
10, 40, 0.8568
10, 41, 0.8029
10, 42, 0.8391
10, 43, 0.6949
10, 44, 0.8611
10, 45, 0.8875
10, 46, 0.8056
10, 47, 0.6884
10, 48, 0.5430
10, 49, 0.7895
10, 50, 0.6778
10, 51, 0.6668
10, 52, 0.6661
10, 53, 0.8549
10, 54, 0.8671
10, 55, 0.5428
10, 56, 0.7353
10, 57, 0.8585
10, 58, 0.9424
10, 59, 0.7849
10, 60, 0.7975
10, 61, 0.8370
10, 62, 0.5401
10, 63, 0.7823
10, 64, 0.8121
10, 65, 0.8208
10, 66, 0.6059
10, 67, 0.6676
10, 68, 0.9571
10, 69, 0.7942
10, 70, 0.6680
10, 71, 0.8237
10, 72, 0.7141
10, 73, 0.8491
10, 74, 0.7842
10, 75, 0.6970
10, 76, 0.7170
10, 77, 0.7021
10, 78, 0.5136
10, 79, 0.7338
10, 80, 0.7619
10, 81, 0.7245
10, 82, 0.8131
10, 83, 0.7873
10, 84, 0.6977
10, 85, 0.3870
10, 86, 0.6653
10, 87, 0.5732
10, 88, 0.6214
10, 89, 0.7454
10, 90, 0.7171
10, 91, 0.7582
10, 92, 0.4312
10, 93, 0.5690
10, 94, 0.4518
10, 95, 0.6880
10, 96, 0.7957
10, 97, 0.7854
10, 98, 0.8080
10, 99, 0.5421
10, 100, 0.5437
10, 101, 0.7404
10, 102, 0.5473
10, 103, 0.4455
10, 104, 0.7086
10, 105, 0.7136
10, 106, 0.6944
10, 107, 0.7722
10, 108, 0.4050
11, 1, 0.5965
11, 2, 0.8597
11, 3, 0.8048
11, 4, 0.8492
11, 5, 0.7873
11, 6, 0.6011
11, 7, 0.6010
11, 8, 0.8132
11, 9, 0.8641
11, 10, 0.8902
11, 11, 1.0000
11, 12, 0.6638
11, 13, 0.7218
11, 14, 0.7561
11, 15, 0.7134
11, 16, 0.8902
11, 17, 0.8314
11, 18, 0.9080
11, 19, 0.7375
11, 20, 0.9115
11, 21, 0.7512
11, 22, 0.5235
11, 23, 0.8134
11, 24, 0.8368
11, 25, 0.9692
11, 26, 0.6815
11, 27, 0.8312
11, 28, 0.7640
11, 29, 0.8659
11, 30, 0.8654
11, 31, 0.7646
11, 32, 0.7464
11, 33, 0.7149
11, 34, 0.6337
11, 35, 0.5975
11, 36, 0.7014
11, 37, 0.8568
11, 38, 0.8228
11, 39, 0.8594
11, 40, 0.8719
11, 41, 0.8227
11, 42, 0.8337
11, 43, 0.6725
11, 44, 0.8885
11, 45, 0.8013
11, 46, 0.8631
11, 47, 0.7096
11, 48, 0.6553
11, 49, 0.8711
11, 50, 0.6855
11, 51, 0.8423
11, 52, 0.7555
11, 53, 0.8573
11, 54, 0.8681
11, 55, 0.5331
11, 56, 0.8028
11, 57, 0.8749
11, 58, 0.9655
11, 59, 0.8424
11, 60, 0.8518
11, 61, 0.8531
11, 62, 0.6893
11, 63, 0.8087
11, 64, 0.8262
11, 65, 0.8666
11, 66, 0.6756
11, 67, 0.7005
11, 68, 0.9480
11, 69, 0.8053
11, 70, 0.7461
11, 71, 0.7857
11, 72, 0.7404
11, 73, 0.8810
11, 74, 0.8388
11, 75, 0.8420
11, 76, 0.7381
11, 77, 0.7900
11, 78, 0.5965
11, 79, 0.7364
11, 80, 0.8801
11, 81, 0.8071
11, 82, 0.8949
11, 83, 0.8595
11, 84, 0.7621
11, 85, 0.4057
11, 86, 0.8330
11, 87, 0.5888
11, 88, 0.6479
11, 89, 0.8054
11, 90, 0.7314
11, 91, 0.7770
11, 92, 0.5598
11, 93, 0.6273
11, 94, 0.5614
11, 95, 0.6932
11, 96, 0.8401
11, 97, 0.8105
11, 98, 0.8140
11, 99, 0.5773
11, 100, 0.5570
11, 101, 0.7581
11, 102, 0.6171
11, 103, 0.4581
11, 104, 0.8534
11, 105, 0.7173
11, 106, 0.8625
11, 107, 0.8571
11, 108, 0.5034
12, 1, 0.4968
12, 2, 0.6807
12, 3, 0.6467
12, 4, 0.6317
12, 5, 0.7813
12, 6, 0.9447
12, 7, 0.4301
12, 8, 0.7282
12, 9, 0.6631
12, 10, 0.6407
12, 11, 0.6638
12, 12, 0.9999
12, 13, 0.7543
12, 14, 0.6502
12, 15, 0.6657
12, 16, 0.8022
12, 17, 0.6317
12, 18, 0.5795
12, 19, 0.9361
12, 20, 0.5409
12, 21, 0.7331
12, 22, 0.3345
12, 23, 0.7904
12, 24, 0.5949
12, 25, 0.6322
12, 26, 0.8180
12, 27, 0.7795
12, 28, 0.8048
12, 29, 0.6782
12, 30, 0.8258
12, 31, 0.8464
12, 32, 0.8629
12, 33, 0.5943
12, 34, 0.4450
12, 35, 0.4066
12, 36, 0.8356
12, 37, 0.5429
12, 38, 0.6085
12, 39, 0.5749
12, 40, 0.5616
12, 41, 0.5202
12, 42, 0.6660
12, 43, 0.6080
12, 44, 0.5874
12, 45, 0.6303
12, 46, 0.8100
12, 47, 0.5984
12, 48, 0.4772
12, 49, 0.5799
12, 50, 0.8307
12, 51, 0.6150
12, 52, 0.7358
12, 53, 0.7154
12, 54, 0.7296
12, 55, 0.7150
12, 56, 0.7573
12, 57, 0.7977
12, 58, 0.6688
12, 59, 0.8056
12, 60, 0.7974
12, 61, 0.7188
12, 62, 0.4817
12, 63, 0.6975
12, 64, 0.7358
12, 65, 0.8095
12, 66, 0.4998
12, 67, 0.6628
12, 68, 0.6866
12, 69, 0.7312
12, 70, 0.5694
12, 71, 0.5755
12, 72, 0.7028
12, 73, 0.5587
12, 74, 0.8096
12, 75, 0.6987
12, 76, 0.8461
12, 77, 0.7783
12, 78, 0.7058
12, 79, 0.8832
12, 80, 0.7608
12, 81, 0.7371
12, 82, 0.7415
12, 83, 0.7519
12, 84, 0.6920
12, 85, 0.3825
12, 86, 0.6154
12, 87, 0.4800
12, 88, 0.8170
12, 89, 0.6721
12, 90, 0.7086
12, 91, 0.8469
12, 92, 0.3794
12, 93, 0.8329
12, 94, 0.3938
12, 95, 0.7116
12, 96, 0.5163
12, 97, 0.8502
12, 98, 0.8491
12, 99, 0.4847
12, 100, 0.7471
12, 101, 0.8396
12, 102, 0.4973
12, 103, 0.5811
12, 104, 0.7119
12, 105, 0.8283
12, 106, 0.6340
12, 107, 0.5371
12, 108, 0.3913
13, 1, 0.6730
13, 2, 0.7943
13, 3, 0.7201
13, 4, 0.7800
13, 5, 0.8552
13, 6, 0.6918
13, 7, 0.6084
13, 8, 0.7860
13, 9, 0.6279
13, 10, 0.6656
13, 11, 0.7218
13, 12, 0.7543
13, 13, 1.0000
13, 14, 0.7513
13, 15, 0.7727
13, 16, 0.7666
13, 17, 0.7865
13, 18, 0.6116
13, 19, 0.7833
13, 20, 0.5769
13, 21, 0.7322
13, 22, 0.5272
13, 23, 0.8467
13, 24, 0.7569
13, 25, 0.6527
13, 26, 0.7314
13, 27, 0.8562
13, 28, 0.7251
13, 29, 0.8360
13, 30, 0.8557
13, 31, 0.8257
13, 32, 0.8689
13, 33, 0.7591
13, 34, 0.6293
13, 35, 0.5935
13, 36, 0.7636
13, 37, 0.5829
13, 38, 0.5590
13, 39, 0.6041
13, 40, 0.5859
13, 41, 0.5276
13, 42, 0.5445
13, 43, 0.7238
13, 44, 0.6132
13, 45, 0.5967
13, 46, 0.8669
13, 47, 0.7600
13, 48, 0.6455
13, 49, 0.6200
13, 50, 0.7466
13, 51, 0.7742
13, 52, 0.7420
13, 53, 0.8275
13, 54, 0.8324
13, 55, 0.6371
13, 56, 0.8735
13, 57, 0.7500
13, 58, 0.6987
13, 59, 0.8422
13, 60, 0.8194
13, 61, 0.8114
13, 62, 0.6247
13, 63, 0.8557
13, 64, 0.8459
13, 65, 0.8501
13, 66, 0.6520
13, 67, 0.6643
13, 68, 0.6952
13, 69, 0.7568
13, 70, 0.6608
13, 71, 0.6111
13, 72, 0.7542
13, 73, 0.5903
13, 74, 0.8283
13, 75, 0.8238
13, 76, 0.7707
13, 77, 0.8385
13, 78, 0.6803
13, 79, 0.8173
13, 80, 0.8472
13, 81, 0.8428
13, 82, 0.7308
13, 83, 0.7883
13, 84, 0.7124
13, 85, 0.4645
13, 86, 0.7682
13, 87, 0.6026
13, 88, 0.7711
13, 89, 0.7752
13, 90, 0.7763
13, 91, 0.8252
13, 92, 0.5482
13, 93, 0.7627
13, 94, 0.5613
13, 95, 0.7100
13, 96, 0.5672
13, 97, 0.8295
13, 98, 0.8231
13, 99, 0.6146
13, 100, 0.6814
13, 101, 0.7885
13, 102, 0.5613
13, 103, 0.6379
13, 104, 0.8294
13, 105, 0.8208
13, 106, 0.7753
13, 107, 0.5639
13, 108, 0.5354
14, 1, 0.6715
14, 2, 0.7770
14, 3, 0.7298
14, 4, 0.7526
14, 5, 0.8206
14, 6, 0.5679
14, 7, 0.5585
14, 8, 0.7566
14, 9, 0.6575
14, 10, 0.6918
14, 11, 0.7561
14, 12, 0.6502
14, 13, 0.7513
14, 14, 1.0000
14, 15, 0.8245
14, 16, 0.7165
14, 17, 0.7642
14, 18, 0.6948
14, 19, 0.7082
14, 20, 0.6797
14, 21, 0.7514
14, 22, 0.4736
14, 23, 0.7576
14, 24, 0.7040
14, 25, 0.7423
14, 26, 0.5933
14, 27, 0.8494
14, 28, 0.6254
14, 29, 0.8046
14, 30, 0.8074
14, 31, 0.8175
14, 32, 0.7541
14, 33, 0.8566
14, 34, 0.5817
14, 35, 0.5534
14, 36, 0.6284
14, 37, 0.6134
14, 38, 0.5964
14, 39, 0.6779
14, 40, 0.6429
14, 41, 0.5781
14, 42, 0.5672
14, 43, 0.6895
14, 44, 0.6667
14, 45, 0.5639
14, 46, 0.8167
14, 47, 0.7419
14, 48, 0.6089
14, 49, 0.6794
14, 50, 0.5997
14, 51, 0.7292
14, 52, 0.5998
14, 53, 0.8336
14, 54, 0.8357
14, 55, 0.4609
14, 56, 0.8198
14, 57, 0.6882
14, 58, 0.7478
14, 59, 0.8161
14, 60, 0.8044
14, 61, 0.8856
14, 62, 0.5576
14, 63, 0.8581
14, 64, 0.8624
14, 65, 0.8254
14, 66, 0.6263
14, 67, 0.6943
14, 68, 0.7272
14, 69, 0.7875
14, 70, 0.6773
14, 71, 0.5717
14, 72, 0.7369
14, 73, 0.6239
14, 74, 0.8184
14, 75, 0.7860
14, 76, 0.6483
14, 77, 0.7575
14, 78, 0.4661
14, 79, 0.7892
14, 80, 0.8088
14, 81, 0.7911
14, 82, 0.7790
14, 83, 0.8115
14, 84, 0.7424
14, 85, 0.4302
14, 86, 0.7530
14, 87, 0.5015
14, 88, 0.6171
14, 89, 0.9235
14, 90, 0.8498
14, 91, 0.7248
14, 92, 0.5195
14, 93, 0.6525
14, 94, 0.5127
14, 95, 0.6720
14, 96, 0.6460
14, 97, 0.7523
14, 98, 0.7546
14, 99, 0.5998
14, 100, 0.5121
14, 101, 0.7038
14, 102, 0.5960
14, 103, 0.4426
14, 104, 0.7957
14, 105, 0.7170
14, 106, 0.7571
14, 107, 0.6312
14, 108, 0.4830
15, 1, 0.6737
15, 2, 0.7715
15, 3, 0.7203
15, 4, 0.7778
15, 5, 0.7774
15, 6, 0.5274
15, 7, 0.6176
15, 8, 0.7790
15, 9, 0.5526
15, 10, 0.6597
15, 11, 0.7134
15, 12, 0.6657
15, 13, 0.7727
15, 14, 0.8245
15, 15, 0.9991
15, 16, 0.6704
15, 17, 0.7897
15, 18, 0.6045
15, 19, 0.7051
15, 20, 0.6232
15, 21, 0.6982
15, 22, 0.4751
15, 23, 0.7595
15, 24, 0.7246
15, 25, 0.6756
15, 26, 0.5770
15, 27, 0.8630
15, 28, 0.5997
15, 29, 0.8205
15, 30, 0.7917
15, 31, 0.8159
15, 32, 0.7718
15, 33, 0.7959
15, 34, 0.6264
15, 35, 0.5932
15, 36, 0.6210
15, 37, 0.6348
15, 38, 0.4928
15, 39, 0.6416
15, 40, 0.6176
15, 41, 0.5341
15, 42, 0.5022
15, 43, 0.6887
15, 44, 0.6439
15, 45, 0.4874
15, 46, 0.7748
15, 47, 0.7378
15, 48, 0.6553
15, 49, 0.6164
15, 50, 0.6014
15, 51, 0.7433
15, 52, 0.6188
15, 53, 0.8242
15, 54, 0.8217
15, 55, 0.4454
15, 56, 0.8267
15, 57, 0.6473
15, 58, 0.7060
15, 59, 0.7829
15, 60, 0.7874
15, 61, 0.8210
15, 62, 0.5785
15, 63, 0.8404
15, 64, 0.8349
15, 65, 0.8046
15, 66, 0.5810
15, 67, 0.6269
15, 68, 0.6820
15, 69, 0.7239
15, 70, 0.6805
15, 71, 0.5723
15, 72, 0.6953
15, 73, 0.6306
15, 74, 0.7852
15, 75, 0.8106
15, 76, 0.6418
15, 77, 0.7717
15, 78, 0.4497
15, 79, 0.7745
15, 80, 0.8304
15, 81, 0.7835
15, 82, 0.7756
15, 83, 0.7729
15, 84, 0.6852
15, 85, 0.3809
15, 86, 0.7915
15, 87, 0.5912
15, 88, 0.6007
15, 89, 0.8372
15, 90, 0.8462
15, 91, 0.7319
15, 92, 0.5555
15, 93, 0.6281
15, 94, 0.5777
15, 95, 0.6500
15, 96, 0.5512
15, 97, 0.7309
15, 98, 0.7326
15, 99, 0.5652
15, 100, 0.5106
15, 101, 0.6731
15, 102, 0.5432
15, 103, 0.4087
15, 104, 0.8327
15, 105, 0.7172
15, 106, 0.7696
15, 107, 0.5771
15, 108, 0.5419
16, 1, 0.5334
16, 2, 0.8252
16, 3, 0.7744
16, 4, 0.7192
16, 5, 0.8391
16, 6, 0.7557
16, 7, 0.4776
16, 8, 0.8028
16, 9, 0.8017
16, 10, 0.8817
16, 11, 0.8902
16, 12, 0.8022
16, 13, 0.7666
16, 14, 0.7165
16, 15, 0.6704
16, 16, 1.0000
16, 17, 0.7274
16, 18, 0.7866
16, 19, 0.7977
16, 20, 0.7729
16, 21, 0.8145
16, 22, 0.3913
16, 23, 0.8478
16, 24, 0.6932
16, 25, 0.8802
16, 26, 0.9127
16, 27, 0.8278
16, 28, 0.9578
16, 29, 0.7689
16, 30, 0.9172
16, 31, 0.8034
16, 32, 0.8329
16, 33, 0.6808
16, 34, 0.5002
16, 35, 0.4638
16, 36, 0.9154
16, 37, 0.7279
16, 38, 0.7506
16, 39, 0.7447
16, 40, 0.7596
16, 41, 0.7043
16, 42, 0.7671
16, 43, 0.6928
16, 44, 0.7759
16, 45, 0.9084
16, 46, 0.8803
16, 47, 0.6984
16, 48, 0.5252
16, 49, 0.7563
16, 50, 0.9097
16, 51, 0.7160
16, 52, 0.8537
16, 53, 0.8717
16, 54, 0.8733
16, 55, 0.7637
16, 56, 0.8272
16, 57, 0.9955
16, 58, 0.9160
16, 59, 0.8577
16, 60, 0.8597
16, 61, 0.8262
16, 62, 0.5557
16, 63, 0.7950
16, 64, 0.8223
16, 65, 0.8883
16, 66, 0.5768
16, 67, 0.7595
16, 68, 0.9317
16, 69, 0.8608
16, 70, 0.6705
16, 71, 0.7689
16, 72, 0.7893
16, 73, 0.7630
16, 74, 0.8782
16, 75, 0.7635
16, 76, 0.9290
16, 77, 0.8303
16, 78, 0.7616
16, 79, 0.7980
16, 80, 0.8293
16, 81, 0.8242
16, 82, 0.8306
16, 83, 0.8692
16, 84, 0.8072
16, 85, 0.3964
16, 86, 0.6948
16, 87, 0.5452
16, 88, 0.7244
16, 89, 0.7769
16, 90, 0.7280
16, 91, 0.9409
16, 92, 0.4238
16, 93, 0.7756
16, 94, 0.4271
16, 95, 0.7546
16, 96, 0.7469
16, 97, 0.9565
16, 98, 0.9638
16, 99, 0.5210
16, 100, 0.7811
16, 101, 0.9281
16, 102, 0.5992
16, 103, 0.5185
16, 104, 0.7799
16, 105, 0.7829
16, 106, 0.7363
16, 107, 0.7347
16, 108, 0.4411
17, 1, 0.6993
17, 2, 0.8338
17, 3, 0.8470
17, 4, 0.9519
17, 5, 0.7443
17, 6, 0.5423
17, 7, 0.8507
17, 8, 0.7994
17, 9, 0.6034
17, 10, 0.6788
17, 11, 0.8314
17, 12, 0.6317
17, 13, 0.7865
17, 14, 0.7642
17, 15, 0.7897
17, 16, 0.7274
17, 17, 1.0000
17, 18, 0.6386
17, 19, 0.6683
17, 20, 0.6483
17, 21, 0.7752
17, 22, 0.7453
17, 23, 0.8952
17, 24, 0.9331
17, 25, 0.7189
17, 26, 0.6230
17, 27, 0.8675
17, 28, 0.6487
17, 29, 0.9529
17, 30, 0.8044
17, 31, 0.7574
17, 32, 0.7976
17, 33, 0.7271
17, 34, 0.8780
17, 35, 0.8602
17, 36, 0.6628
17, 37, 0.6251
17, 38, 0.5579
17, 39, 0.6403
17, 40, 0.6176
17, 41, 0.5316
17, 42, 0.5230
17, 43, 0.6794
17, 44, 0.6312
17, 45, 0.5489
17, 46, 0.8252
17, 47, 0.7493
17, 48, 0.8784
17, 49, 0.6282
17, 50, 0.6322
17, 51, 0.9510
17, 52, 0.7615
17, 53, 0.8478
17, 54, 0.8380
17, 55, 0.4815
17, 56, 0.8837
17, 57, 0.7010
17, 58, 0.7573
17, 59, 0.8016
17, 60, 0.7900
17, 61, 0.7900
17, 62, 0.7930
17, 63, 0.8374
17, 64, 0.8241
17, 65, 0.8551
17, 66, 0.7203
17, 67, 0.7507
17, 68, 0.7266
17, 69, 0.8234
17, 70, 0.7703
17, 71, 0.5763
17, 72, 0.7994
17, 73, 0.6347
17, 74, 0.8252
17, 75, 0.9754
17, 76, 0.6930
17, 77, 0.8858
17, 78, 0.5805
17, 79, 0.7444
17, 80, 0.9588
17, 81, 0.8849
17, 82, 0.7888
17, 83, 0.8676
17, 84, 0.8109
17, 85, 0.4417
17, 86, 0.9537
17, 87, 0.6188
17, 88, 0.6057
17, 89, 0.8046
17, 90, 0.7877
17, 91, 0.7617
17, 92, 0.8163
17, 93, 0.6138
17, 94, 0.7996
17, 95, 0.6337
17, 96, 0.5926
17, 97, 0.7748
17, 98, 0.7655
17, 99, 0.6370
17, 100, 0.5339
17, 101, 0.7400
17, 102, 0.6767
17, 103, 0.4137
17, 104, 0.9630
17, 105, 0.6865
17, 106, 0.9564
17, 107, 0.5826
17, 108, 0.6683
18, 1, 0.4514
18, 2, 0.7756
18, 3, 0.7097
18, 4, 0.6501
18, 5, 0.7009
18, 6, 0.5415
18, 7, 0.4567
18, 8, 0.7223
18, 9, 0.8928
18, 10, 0.8302
18, 11, 0.9080
18, 12, 0.5795
18, 13, 0.6116
18, 14, 0.6948
18, 15, 0.6045
18, 16, 0.7866
18, 17, 0.6386
18, 18, 1.0000
18, 19, 0.6748
18, 20, 0.9577
18, 21, 0.6814
18, 22, 0.3785
18, 23, 0.6602
18, 24, 0.6411
18, 25, 0.9384
18, 26, 0.5613
18, 27, 0.7102
18, 28, 0.6530
18, 29, 0.6808
18, 30, 0.7581
18, 31, 0.6590
18, 32, 0.6041
18, 33, 0.6475
18, 34, 0.4767
18, 35, 0.4376
18, 36, 0.5792
18, 37, 0.8882
18, 38, 0.8319
18, 39, 0.9034
18, 40, 0.9295
18, 41, 0.9114
18, 42, 0.8843
18, 43, 0.5823
18, 44, 0.9511
18, 45, 0.7289
18, 46, 0.7772
18, 47, 0.5688
18, 48, 0.5031
18, 49, 0.9638
18, 50, 0.5714
18, 51, 0.6394
18, 52, 0.5794
18, 53, 0.7180
18, 54, 0.7508
18, 55, 0.4644
18, 56, 0.6470
18, 57, 0.7706
18, 58, 0.8868
18, 59, 0.7672
18, 60, 0.7773
18, 61, 0.7818
18, 62, 0.5126
18, 63, 0.6878
18, 64, 0.7237
18, 65, 0.7859
18, 66, 0.6183
18, 67, 0.6160
18, 68, 0.8852
18, 69, 0.6941
18, 70, 0.6248
18, 71, 0.7621
18, 72, 0.6225
18, 73, 0.9004
18, 74, 0.7283
18, 75, 0.6504
18, 76, 0.6190
18, 77, 0.6318
18, 78, 0.4747
18, 79, 0.6379
18, 80, 0.7058
18, 81, 0.6573
18, 82, 0.8294
18, 83, 0.7730
18, 84, 0.6621
18, 85, 0.3953
18, 86, 0.6303
18, 87, 0.4795
18, 88, 0.5906
18, 89, 0.7056
18, 90, 0.6280
18, 91, 0.6373
18, 92, 0.4065
18, 93, 0.5559
18, 94, 0.4144
18, 95, 0.6309
18, 96, 0.8661
18, 97, 0.6828
18, 98, 0.6887
18, 99, 0.4722
18, 100, 0.4693
18, 101, 0.6386
18, 102, 0.5316
18, 103, 0.4327
18, 104, 0.6577
18, 105, 0.6063
18, 106, 0.6666
18, 107, 0.9414
18, 108, 0.3740
19, 1, 0.5412
19, 2, 0.7304
19, 3, 0.6743
19, 4, 0.6836
19, 5, 0.8192
19, 6, 0.9118
19, 7, 0.4709
19, 8, 0.8098
19, 9, 0.7647
19, 10, 0.7157
19, 11, 0.7375
19, 12, 0.9361
19, 13, 0.7833
19, 14, 0.7082
19, 15, 0.7051
19, 16, 0.7977
19, 17, 0.6683
19, 18, 0.6748
19, 19, 0.9999
19, 20, 0.6428
19, 21, 0.7185
19, 22, 0.4015
19, 23, 0.7916
19, 24, 0.6410
19, 25, 0.7116
19, 26, 0.7650
19, 27, 0.8215
19, 28, 0.7619
19, 29, 0.7258
19, 30, 0.8662
19, 31, 0.9195
19, 32, 0.8608
19, 33, 0.6792
19, 34, 0.4867
19, 35, 0.4519
19, 36, 0.7922
19, 37, 0.6279
19, 38, 0.7036
19, 39, 0.6691
19, 40, 0.6573
19, 41, 0.6137
19, 42, 0.7596
19, 43, 0.6634
19, 44, 0.6848
19, 45, 0.6296
19, 46, 0.8410
19, 47, 0.6332
19, 48, 0.5275
19, 49, 0.6678
19, 50, 0.7798
19, 51, 0.6634
19, 52, 0.6983
19, 53, 0.7620
19, 54, 0.7859
19, 55, 0.6683
19, 56, 0.7740
19, 57, 0.7836
19, 58, 0.7362
19, 59, 0.8417
19, 60, 0.8393
19, 61, 0.7958
19, 62, 0.5332
19, 63, 0.7592
19, 64, 0.8065
19, 65, 0.8432
19, 66, 0.5857
19, 67, 0.6528
19, 68, 0.7425
19, 69, 0.7449
19, 70, 0.6176
19, 71, 0.6091
19, 72, 0.7024
19, 73, 0.6476
19, 74, 0.8266
19, 75, 0.7442
19, 76, 0.8031
19, 77, 0.7891
19, 78, 0.6793
19, 79, 0.9394
19, 80, 0.7957
19, 81, 0.7521
19, 82, 0.8149
19, 83, 0.7748
19, 84, 0.6913
19, 85, 0.3807
19, 86, 0.6710
19, 87, 0.5253
19, 88, 0.8334
19, 89, 0.7237
19, 90, 0.7832
19, 91, 0.8225
19, 92, 0.4218
19, 93, 0.8407
19, 94, 0.4487
19, 95, 0.6983
19, 96, 0.6072
19, 97, 0.8347
19, 98, 0.8345
19, 99, 0.5101
19, 100, 0.7067
19, 101, 0.8008
19, 102, 0.4965
19, 103, 0.6148
19, 104, 0.7507
19, 105, 0.8823
19, 106, 0.6796
19, 107, 0.6358
19, 108, 0.4129
20, 1, 0.4284
20, 2, 0.7486
20, 3, 0.7159
20, 4, 0.6472
20, 5, 0.6638
20, 6, 0.4927
20, 7, 0.4840
20, 8, 0.7363
20, 9, 0.8758
20, 10, 0.8579
20, 11, 0.9115
20, 12, 0.5409
20, 13, 0.5769
20, 14, 0.6797
20, 15, 0.6232
20, 16, 0.7729
20, 17, 0.6483
20, 18, 0.9577
20, 19, 0.6428
20, 20, 1.0000
20, 21, 0.6633
20, 22, 0.3968
20, 23, 0.6414
20, 24, 0.6404
20, 25, 0.9345
20, 26, 0.5251
20, 27, 0.6864
20, 28, 0.6363
20, 29, 0.6770
20, 30, 0.7467
20, 31, 0.6480
20, 32, 0.5613
20, 33, 0.6361
20, 34, 0.5089
20, 35, 0.4643
20, 36, 0.5438
20, 37, 0.9117
20, 38, 0.7993
20, 39, 0.9233
20, 40, 0.9324
20, 41, 0.8804
20, 42, 0.8769
20, 43, 0.6051
20, 44, 0.9565
20, 45, 0.7366
20, 46, 0.7379
20, 47, 0.5603
20, 48, 0.5349
20, 49, 0.9172
20, 50, 0.5361
20, 51, 0.6325
20, 52, 0.5473
20, 53, 0.7261
20, 54, 0.7568
20, 55, 0.4147
20, 56, 0.6349
20, 57, 0.7542
20, 58, 0.8990
20, 59, 0.7149
20, 60, 0.7243
20, 61, 0.7659
20, 62, 0.5157
20, 63, 0.6788
20, 64, 0.7139
20, 65, 0.7587
20, 66, 0.6055
20, 67, 0.6040
20, 68, 0.8897
20, 69, 0.6926
20, 70, 0.6346
20, 71, 0.7747
20, 72, 0.6126
20, 73, 0.9277
20, 74, 0.6854
20, 75, 0.6416
20, 76, 0.5885
20, 77, 0.6164
20, 78, 0.4201
20, 79, 0.6236
20, 80, 0.7004
20, 81, 0.6435
20, 82, 0.8158
20, 83, 0.7573
20, 84, 0.6519
20, 85, 0.3636
20, 86, 0.6282
20, 87, 0.4814
20, 88, 0.5300
20, 89, 0.6880
20, 90, 0.6172
20, 91, 0.6143
20, 92, 0.4414
20, 93, 0.4966
20, 94, 0.4461
20, 95, 0.6068
20, 96, 0.8860
20, 97, 0.6546
20, 98, 0.6652
20, 99, 0.5037
20, 100, 0.4238
20, 101, 0.6087
20, 102, 0.5539
20, 103, 0.3739
20, 104, 0.6520
20, 105, 0.5759
20, 106, 0.6667
20, 107, 0.9014
20, 108, 0.3798
21, 1, 0.5718
21, 2, 0.7746
21, 3, 0.8213
21, 4, 0.7020
21, 5, 0.7514
21, 6, 0.7140
21, 7, 0.5639
21, 8, 0.7901
21, 9, 0.6726
21, 10, 0.7074
21, 11, 0.7512
21, 12, 0.7331
21, 13, 0.7322
21, 14, 0.7514
21, 15, 0.6982
21, 16, 0.8145
21, 17, 0.7752
21, 18, 0.6814
21, 19, 0.7185
21, 20, 0.6633
21, 21, 1.0000
21, 22, 0.4759
21, 23, 0.8542
21, 24, 0.6749
21, 25, 0.7275
21, 26, 0.7693
21, 27, 0.8098
21, 28, 0.7984
21, 29, 0.7555
21, 30, 0.8096
21, 31, 0.7549
21, 32, 0.7676
21, 33, 0.6827
21, 34, 0.5850
21, 35, 0.5534
21, 36, 0.7905
21, 37, 0.6494
21, 38, 0.6289
21, 39, 0.7239
21, 40, 0.6547
21, 41, 0.5699
21, 42, 0.5856
21, 43, 0.6169
21, 44, 0.6854
21, 45, 0.6557
21, 46, 0.8450
21, 47, 0.6761
21, 48, 0.6239
21, 49, 0.6753
21, 50, 0.7740
21, 51, 0.6911
21, 52, 0.7544
21, 53, 0.8010
21, 54, 0.8078
21, 55, 0.6267
21, 56, 0.8194
21, 57, 0.8026
21, 58, 0.7551
21, 59, 0.8181
21, 60, 0.8001
21, 61, 0.7683
21, 62, 0.5441
21, 63, 0.7582
21, 64, 0.7994
21, 65, 0.9056
21, 66, 0.6326
21, 67, 0.9464
21, 68, 0.7708
21, 69, 0.9446
21, 70, 0.6794
21, 71, 0.6321
21, 72, 0.8824
21, 73, 0.6627
21, 74, 0.8755
21, 75, 0.7758
21, 76, 0.8304
21, 77, 0.8438
21, 78, 0.6077
21, 79, 0.7829
21, 80, 0.8221
21, 81, 0.8345
21, 82, 0.7841
21, 83, 0.9481
21, 84, 0.9546
21, 85, 0.6096
21, 86, 0.6837
21, 87, 0.5151
21, 88, 0.6591
21, 89, 0.7557
21, 90, 0.7870
21, 91, 0.8331
21, 92, 0.5109
21, 93, 0.6584
21, 94, 0.5034
21, 95, 0.7161
21, 96, 0.5906
21, 97, 0.8550
21, 98, 0.8540
21, 99, 0.6015
21, 100, 0.6636
21, 101, 0.9044
21, 102, 0.7339
21, 103, 0.4091
21, 104, 0.7713
21, 105, 0.6729
21, 106, 0.7114
21, 107, 0.6028
21, 108, 0.5926
22, 1, 0.4660
22, 2, 0.5429
22, 3, 0.5274
22, 4, 0.6717
22, 5, 0.4523
22, 6, 0.2995
22, 7, 0.8275
22, 8, 0.5495
22, 9, 0.3546
22, 10, 0.4042
22, 11, 0.5235
22, 12, 0.3345
22, 13, 0.5272
22, 14, 0.4736
22, 15, 0.4751
22, 16, 0.3913
22, 17, 0.7453
22, 18, 0.3785
22, 19, 0.4015
22, 20, 0.3968
22, 21, 0.4759
22, 22, 1.0000
22, 23, 0.5750
22, 24, 0.6771
22, 25, 0.4214
22, 26, 0.3152
22, 27, 0.5203
22, 28, 0.3308
22, 29, 0.6473
22, 30, 0.4730
22, 31, 0.4579
22, 32, 0.4808
22, 33, 0.4717
22, 34, 0.8554
22, 35, 0.8760
22, 36, 0.3433
22, 37, 0.3991
22, 38, 0.3317
22, 39, 0.3989
22, 40, 0.3662
22, 41, 0.3028
22, 42, 0.2954
22, 43, 0.4145
22, 44, 0.3776
22, 45, 0.2691
22, 46, 0.5053
22, 47, 0.4676
22, 48, 0.8473
22, 49, 0.3764
22, 50, 0.3226
22, 51, 0.6791
22, 52, 0.4755
22, 53, 0.4960
22, 54, 0.5014
22, 55, 0.2603
22, 56, 0.5396
22, 57, 0.3718
22, 58, 0.4433
22, 59, 0.4902
22, 60, 0.4763
22, 61, 0.4878
22, 62, 0.6585
22, 63, 0.5222
22, 64, 0.5297
22, 65, 0.5794
22, 66, 0.6348
22, 67, 0.4575
22, 68, 0.4149
22, 69, 0.4881
22, 70, 0.5376
22, 71, 0.3238
22, 72, 0.5160
22, 73, 0.3995
22, 74, 0.5022
22, 75, 0.7020
22, 76, 0.3736
22, 77, 0.5581
22, 78, 0.3450
22, 79, 0.4543
22, 80, 0.6636
22, 81, 0.5537
22, 82, 0.5336
22, 83, 0.5460
22, 84, 0.4872
22, 85, 0.3370
22, 86, 0.6847
22, 87, 0.3996
22, 88, 0.3799
22, 89, 0.4937
22, 90, 0.4649
22, 91, 0.4148
22, 92, 0.8238
22, 93, 0.3216
22, 94, 0.8559
22, 95, 0.3591
22, 96, 0.3329
22, 97, 0.4460
22, 98, 0.4293
22, 99, 0.4730
22, 100, 0.2920
22, 101, 0.4204
22, 102, 0.4786
22, 103, 0.2735
22, 104, 0.6471
22, 105, 0.4241
22, 106, 0.6741
22, 107, 0.3370
22, 108, 0.4996
23, 1, 0.6657
23, 2, 0.8447
23, 3, 0.8592
23, 4, 0.8477
23, 5, 0.8240
23, 6, 0.7384
23, 7, 0.6922
23, 8, 0.8307
23, 9, 0.6755
23, 10, 0.7173
23, 11, 0.8134
23, 12, 0.7904
23, 13, 0.8467
23, 14, 0.7576
23, 15, 0.7595
23, 16, 0.8478
23, 17, 0.8952
23, 18, 0.6602
23, 19, 0.7916
23, 20, 0.6414
23, 21, 0.8542
23, 22, 0.5750
23, 23, 1.0000
23, 24, 0.8246
23, 25, 0.7416
23, 26, 0.8157
23, 27, 0.8835
23, 28, 0.8144
23, 29, 0.8828
23, 30, 0.8829
23, 31, 0.8213
23, 32, 0.9030
23, 33, 0.7222
23, 34, 0.7128
23, 35, 0.6848
23, 36, 0.8514
23, 37, 0.6378
23, 38, 0.6276
23, 39, 0.6444
23, 40, 0.6468
23, 41, 0.5655
23, 42, 0.6001
23, 43, 0.6820
23, 44, 0.6523
23, 45, 0.6537
23, 46, 0.8833
23, 47, 0.7549
23, 48, 0.7343
23, 49, 0.6545
23, 50, 0.8279
23, 51, 0.8468
23, 52, 0.8330
23, 53, 0.8626
23, 54, 0.8625
23, 55, 0.6932
23, 56, 0.9272
23, 57, 0.8328
23, 58, 0.7827
23, 59, 0.8642
23, 60, 0.8498
23, 61, 0.8190
23, 62, 0.7011
23, 63, 0.8420
23, 64, 0.8491
23, 65, 0.9203
23, 66, 0.6859
23, 67, 0.8094
23, 68, 0.7782
23, 69, 0.8715
23, 70, 0.8387
23, 71, 0.6350
23, 72, 0.8570
23, 73, 0.6584
23, 74, 0.8912
23, 75, 0.9199
23, 76, 0.8729
23, 77, 0.9817
23, 78, 0.7290
23, 79, 0.8281
23, 80, 0.9332
23, 81, 0.9275
23, 82, 0.8319
23, 83, 0.9155
23, 84, 0.8634
23, 85, 0.5514
23, 86, 0.8367
23, 87, 0.6031
23, 88, 0.7321
23, 89, 0.8080
23, 90, 0.7948
23, 91, 0.8954
23, 92, 0.6523
23, 93, 0.7853
23, 94, 0.6440
23, 95, 0.7112
23, 96, 0.6011
23, 97, 0.9100
23, 98, 0.8978
23, 99, 0.7108
23, 100, 0.7337
23, 101, 0.8900
23, 102, 0.7139
23, 103, 0.4955
23, 104, 0.9155
23, 105, 0.7857
23, 106, 0.8561
23, 107, 0.5898
23, 108, 0.6349
24, 1, 0.6758
24, 2, 0.7494
24, 3, 0.7078
24, 4, 0.9860
24, 5, 0.7295
24, 6, 0.5135
24, 7, 0.7113
24, 8, 0.7396
24, 9, 0.6203
24, 10, 0.6640
24, 11, 0.8368
24, 12, 0.5949
24, 13, 0.7569
24, 14, 0.7040
24, 15, 0.7246
24, 16, 0.6932
24, 17, 0.9331
24, 18, 0.6411
24, 19, 0.6410
24, 20, 0.6404
24, 21, 0.6749
24, 22, 0.6771
24, 23, 0.8246
24, 24, 1.0000
24, 25, 0.7005
24, 26, 0.5872
24, 27, 0.7817
24, 28, 0.6211
24, 29, 0.9566
24, 30, 0.7645
24, 31, 0.7083
24, 32, 0.7370
24, 33, 0.6765
24, 34, 0.7583
24, 35, 0.7284
24, 36, 0.6167
24, 37, 0.6304
24, 38, 0.5842
24, 39, 0.6315
24, 40, 0.6209
24, 41, 0.5564
24, 42, 0.5413
24, 43, 0.6331
24, 44, 0.6370
24, 45, 0.5542
24, 46, 0.7681
24, 47, 0.6860
24, 48, 0.7696
24, 49, 0.6324
24, 50, 0.5973
24, 51, 0.9879
24, 52, 0.8150
24, 53, 0.7739
24, 54, 0.7746
24, 55, 0.4575
24, 56, 0.8041
24, 57, 0.6735
24, 58, 0.7254
24, 59, 0.7478
24, 60, 0.7357
24, 61, 0.7436
24, 62, 0.8626
24, 63, 0.7739
24, 64, 0.7889
24, 65, 0.7926
24, 66, 0.6471
24, 67, 0.6281
24, 68, 0.7004
24, 69, 0.7132
24, 70, 0.7276
24, 71, 0.5882
24, 72, 0.7157
24, 73, 0.6335
24, 74, 0.7573
24, 75, 0.9416
24, 76, 0.6541
24, 77, 0.8009
24, 78, 0.6337
24, 79, 0.6845
24, 80, 0.9368
24, 81, 0.7793
24, 82, 0.7632
24, 83, 0.7560
24, 84, 0.6769
24, 85, 0.4195
24, 86, 0.9801
24, 87, 0.6154
24, 88, 0.6190
24, 89, 0.7305
24, 90, 0.7224
24, 91, 0.7018
24, 92, 0.6960
24, 93, 0.5890
24, 94, 0.6602
24, 95, 0.6232
24, 96, 0.6214
24, 97, 0.7183
24, 98, 0.7108
24, 99, 0.5784
24, 100, 0.5055
24, 101, 0.6777
24, 102, 0.5810
24, 103, 0.4347
24, 104, 0.9533
24, 105, 0.6817
24, 106, 0.9823
24, 107, 0.5962
24, 108, 0.5856
25, 1, 0.5103
25, 2, 0.8527
25, 3, 0.7809
25, 4, 0.7183
25, 5, 0.7638
25, 6, 0.5775
25, 7, 0.5169
25, 8, 0.7904
25, 9, 0.8981
25, 10, 0.9045
25, 11, 0.9692
25, 12, 0.6322
25, 13, 0.6527
25, 14, 0.7423
25, 15, 0.6756
25, 16, 0.8802
25, 17, 0.7189
25, 18, 0.9384
25, 19, 0.7116
25, 20, 0.9345
25, 21, 0.7275
25, 22, 0.4214
25, 23, 0.7416
25, 24, 0.7005
25, 25, 1.0000
25, 26, 0.6430
25, 27, 0.7880
25, 28, 0.7387
25, 29, 0.7577
25, 30, 0.8388
25, 31, 0.7326
25, 32, 0.6818
25, 33, 0.7189
25, 34, 0.5395
25, 35, 0.4996
25, 36, 0.6590
25, 37, 0.8868
25, 38, 0.8618
25, 39, 0.8821
25, 40, 0.9067
25, 41, 0.8678
25, 42, 0.8869
25, 43, 0.6394
25, 44, 0.9127
25, 45, 0.8144
25, 46, 0.8351
25, 47, 0.6593
25, 48, 0.5722
25, 49, 0.8967
25, 50, 0.6470
25, 51, 0.7062
25, 52, 0.6570
25, 53, 0.8218
25, 54, 0.8413
25, 55, 0.5120
25, 56, 0.7374
25, 57, 0.8629
25, 58, 0.9754
25, 59, 0.8238
25, 60, 0.8360
25, 61, 0.8624
25, 62, 0.5566
25, 63, 0.7718
25, 64, 0.7990
25, 65, 0.8366
25, 66, 0.6439
25, 67, 0.6781
25, 68, 0.9677
25, 69, 0.7758
25, 70, 0.6997
25, 71, 0.8065
25, 72, 0.6965
25, 73, 0.9151
25, 74, 0.8078
25, 75, 0.7309
25, 76, 0.6969
25, 77, 0.7222
25, 78, 0.5165
25, 79, 0.7050
25, 80, 0.7837
25, 81, 0.7519
25, 82, 0.8768
25, 83, 0.8332
25, 84, 0.7325
25, 85, 0.3879
25, 86, 0.6991
25, 87, 0.5361
25, 88, 0.6029
25, 89, 0.8061
25, 90, 0.6893
25, 91, 0.7299
25, 92, 0.4605
25, 93, 0.5777
25, 94, 0.4704
25, 95, 0.6736
25, 96, 0.8368
25, 97, 0.7742
25, 98, 0.7815
25, 99, 0.5369
25, 100, 0.5185
25, 101, 0.7181
25, 102, 0.5888
25, 103, 0.4260
25, 104, 0.7376
25, 105, 0.6707
25, 106, 0.7335
25, 107, 0.8772
25, 108, 0.4516
26, 1, 0.4630
26, 2, 0.6649
26, 3, 0.6492
26, 4, 0.6187
26, 5, 0.7799
26, 6, 0.8152
26, 7, 0.3754
26, 8, 0.6771
26, 9, 0.6116
26, 10, 0.6797
26, 11, 0.6815
26, 12, 0.8180
26, 13, 0.7314
26, 14, 0.5933
26, 15, 0.5770
26, 16, 0.9127
26, 17, 0.6230
26, 18, 0.5613
26, 19, 0.7650
26, 20, 0.5251
26, 21, 0.7693
26, 22, 0.3152
26, 23, 0.8157
26, 24, 0.5872
26, 25, 0.6430
26, 26, 1.0000
26, 27, 0.7272
26, 28, 0.9741
26, 29, 0.6537
26, 30, 0.8108
26, 31, 0.7245
26, 32, 0.8285
