rank=75 iter=300 dis_sim=lin_normalized TPR20
rank=75 iter=300 dis_sim=lin_normalized TPR20
0.63115,0.67828,0.65779,0.65984,0.61885,0.67008,0.63934,0.67008,0.69672,0.65914
