3900,1
5926,1
5927,1
5928,1
9285,1
10065,1
10066,1
10498,1
10499,1
9285,2
3900,3
5926,3
5927,3
5928,3
9285,3
10065,3
10066,3
10498,3
10499,3
4140,5
6060,5
6061,5
10993,5
11193,5
4140,6
6060,6
6061,6
10993,6
11193,6
4072,7
4072,8
4140,9
10993,9
11193,9
36,11
157,11
201,11
347,11
357,11
379,11
538,11
587,11
1092,11
1549,11
1631,11
1646,11
1677,11
1965,11
2071,11
2396,11
2794,11
3095,11
3158,11
3236,11
3510,11
3694,11
3695,11
3696,11
3697,11
4051,11
4321,11
4861,11
6585,11
6586,11
6587,11
6588,11
6995,11
7417,11
7418,11
7876,11
8311,11
9270,11
9881,11
10252,11
10915,11
11139,11
11207,11
11558,11
11801,11
12094,11
12098,11
12111,11
12185,11
12187,11
347,12
351,12
601,12
1545,12
2644,12
3165,12
3174,12
4340,12
4477,12
5537,12
7055,12
9605,12
10081,12
340,13
347,13
394,13
1722,13
1723,13
1724,13
1725,13
1726,13
1965,13
2485,13
3095,13
3145,13
3231,13
3364,13
3365,13
3366,13
3367,13
3368,13
3369,13
3370,13
3371,13
3636,13
3938,13
4015,13
4016,13
5398,13
6674,13
6675,13
6992,13
8324,13
8325,13
8326,13
8327,13
8357,13
8383,13
8721,13
8722,13
10244,13
10245,13
10323,13
10324,13
11376,13
11377,13
12098,13
12126,13
12131,13
12132,13
20,14
36,14
157,14
201,14
205,14
318,14
347,14
357,14
379,14
424,14
601,14
624,14
872,14
1092,14
1532,14
1549,14
1631,14
1646,14
1657,14
1880,14
2381,14
2396,14
3181,14
3205,14
3206,14
3236,14
3508,14
3557,14
3683,14
4025,14
4051,14
4075,14
4146,14
4193,14
4343,14
4476,14
4477,14
6235,14
8311,14
8312,14
8443,14
8444,14
9566,14
9967,14
10223,14
11053,14
11207,14
11450,14
12092,14
12098,14
347,15
394,15
926,15
985,15
1539,15
1546,15
1631,15
1632,15
1751,15
2391,15
2485,15
2697,15
2726,15
2757,15
2997,15
3145,15
3231,15
3256,15
3510,15
3525,15
3538,15
3550,15
3556,15
3606,15
3621,15
3634,15
3651,15
4015,15
4016,15
4031,15
4210,15
4228,15
4356,15
4869,15
5275,15
5731,15
6267,15
6958,15
7228,15
8383,15
8397,15
9491,15
9863,15
9890,15
10428,15
10443,15
11053,15
11054,15
11073,15
12098,15
36,16
157,16
173,16
201,16
205,16
347,16
357,16
379,16
568,16
624,16
659,16
696,16
926,16
1092,16
1631,16
1632,16
1646,16
1657,16
2381,16
2391,16
2396,16
3205,16
3206,16
3503,16
3508,16
3634,16
3651,16
3683,16
4025,16
4051,16
4075,16
4146,16
4193,16
4477,16
4869,16
5846,16
5997,16
6235,16
7667,16
8312,16
8443,16
8497,16
8547,16
8549,16
10223,16
10915,16
11021,16
11053,16
11207,16
12348,16
12092,17
221,18
347,18
3165,18
3503,18
4937,18
9491,18
347,19
394,19
568,19
601,19
699,19
874,19
985,19
1546,19
1620,19
1631,19
1751,19
2485,19
2494,19
2697,19
2726,19
2757,19
2997,19
3145,19
3231,19
3442,19
3508,19
3510,19
3538,19
3634,19
4025,19
4027,19
4031,19
4045,19
4210,19
4228,19
4356,19
4936,19
5056,19
5275,19
5618,19
5731,19
6112,19
6137,19
6224,19
6264,19
6267,19
6268,19
6276,19
6577,19
6958,19
9491,19
10113,19
10114,19
10443,19
11073,19
20,20
337,20
347,20
568,20
601,20
875,20
985,20
1530,20
1545,20
3508,20
4025,20
5618,20
6224,20
6577,20
6958,20
7745,20
8547,20
9491,20
9566,20
10168,20
10443,20
12348,20
20,21
347,21
2396,21
7745,21
9566,21
394,22
395,22
568,22
601,22
699,22
874,22
985,22
1546,22
1620,22
1751,22
2485,22
2494,22
2495,22
2697,22
2726,22
2757,22
2997,22
3145,22
3231,22
3442,22
3508,22
3510,22
3538,22
3634,22
4025,22
4027,22
4031,22
4045,22
4210,22
4228,22
4356,22
4936,22
5056,22
5275,22
5618,22
5731,22
6112,22
6137,22
6224,22
6264,22
6267,22
6268,22
6276,22
6577,22
6958,22
9491,22
10113,22
10114,22
10443,22
11073,22
351,23
1530,23
2485,23
2644,23
3165,23
4031,23
4340,23
4356,23
4476,23
4477,23
5537,23
7928,23
8228,23
8229,23
9491,23
9605,23
302,25
347,25
394,25
444,25
1244,25
1532,25
1549,25
1579,25
1616,25
1631,25
1965,25
2071,25
2249,25
2361,25
2619,25
2821,25
2997,25
3072,25
3095,25
3236,25
3259,25
3510,25
4031,25
4203,25
4356,25
6113,25
6926,25
7876,25
7928,25
8062,25
8324,25
8325,25
8478,25
8790,25
9779,25
9780,25
9894,25
9906,25
10398,25
10399,25
10622,25
10915,25
11207,25
11325,25
12030,25
12094,25
12130,25
12184,25
188,26
340,26
601,26
1530,26
1545,26
1546,26
4999,26
7055,26
8184,26
9605,26
10006,26
1530,27
8819,27
9651,27
9785,27
9800,27
12124,27
24,28
201,28
394,28
929,28
1241,28
1549,28
1965,28
2485,28
2644,28
2819,28
2821,28
2908,28
3095,28
3145,28
3158,28
3500,28
3510,28
3636,28
4015,28
4016,28
4051,28
4437,28
4955,28
4956,28
4965,28
6236,28
6254,28
6564,28
6958,28
8190,28
8251,28
8324,28
8325,28
8326,28
8327,28
8383,28
8478,28
8736,28
9857,28
9881,28
9993,28
10012,28
10013,28
10014,28
10244,28
10403,28
10443,28
11801,28
12098,28
229,29
302,29
444,29
1677,29
1965,29
2360,29
2429,29
3205,29
3206,29
3224,29
3236,29
3259,29
3510,29
4031,29
4321,29
4356,29
4707,29
4861,29
5378,29
6113,29
6185,29
6926,29
7667,29
8059,29
8060,29
8061,29
8062,29
8063,29
8324,29
8325,29
8478,29
8790,29
9509,29
9510,29
9731,29
9779,29
9780,29
9906,29
10006,29
10082,29
10398,29
10399,29
10622,29
11207,29
11591,29
12010,29
12030,29
12130,29
12281,29
12348,29
188,30
340,30
601,30
1530,30
1545,30
1546,30
4999,30
7055,30
8184,30
9605,30
10006,30
201,31
394,31
929,31
1241,31
1379,31
1549,31
2485,31
2619,31
2644,31
2726,31
2757,31
2819,31
2908,31
3145,31
3500,31
3510,31
3550,31
3997,31
3998,31
4015,31
4016,31
4031,31
4051,31
4356,31
4955,31
4956,31
4965,31
5731,31
6254,31
6267,31
6289,31
6290,31
6958,31
7409,31
7410,31
7411,31
7412,31
8190,31
9993,31
10012,31
10013,31
10014,31
10244,31
10403,31
10443,31
10501,31
11032,31
11073,31
12098,31
302,32
347,32
394,32
444,32
1244,32
1539,32
1549,32
1579,32
1631,32
1965,32
2997,32
3095,32
3236,32
3256,32
3259,32
3510,32
3556,32
3606,32
3634,32
4031,32
4228,32
4356,32
6113,32
6926,32
7928,32
8062,32
8324,32
8325,32
8478,32
9491,32
9692,32
9779,32
9780,32
9894,32
9906,32
10398,32
10399,32
10622,32
10915,32
11207,32
11648,32
12005,32
12010,32
12030,32
12035,32
12036,32
12094,32
12130,32
12184,32
188,33
203,33
229,33
340,33
365,33
394,33
601,33
1530,33
1545,33
1546,33
2031,33
4437,33
4999,33
7055,33
8184,33
9605,33
10006,33
201,34
394,34
929,34
1241,34
1549,34
2485,34
2644,34
2726,34
2757,34
2819,34
2908,34
3145,34
3158,34
3500,34
3510,34
3550,34
3997,34
3998,34
4015,34
4016,34
4031,34
4051,34
4955,34
4956,34
4965,34
5731,34
6254,34
6267,34
6289,34
6290,34
6958,34
7409,34
7410,34
7411,34
7412,34
8190,34
8251,34
8383,34
8736,34
9881,34
9993,34
10012,34
10013,34
10014,34
10244,34
10403,34
10443,34
11073,34
12098,34
4031,35
4356,35
31,36
152,36
281,36
329,36
347,36
406,36
568,36
657,36
1389,36
1390,36
2634,36
2695,36
2713,36
3029,36
3120,36
3173,36
3236,36
3503,36
3508,36
3651,36
4000,36
4025,36
4031,36
4138,36
4356,36
4591,36
4952,36
5647,36
5772,36
5773,36
5815,36
5967,36
6150,36
6980,36
7530,36
7716,36
8334,36
8336,36
8500,36
8707,36
8923,36
9112,36
9113,36
9491,36
9744,36
10028,36
10915,36
10991,36
11168,36
11801,36
20,37
31,37
152,37
174,37
601,37
689,37
2503,37
3651,37
9491,37
9605,37
31,38
152,38
155,38
169,38
231,38
471,38
601,38
699,38
1301,38
1302,38
1303,38
1304,38
2442,38
2443,38
2614,38
2634,38
3503,38
3651,38
4031,38
4113,38
4154,38
4178,38
4356,38
6075,38
6076,38
6112,38
6295,38
6296,38
6708,38
6780,38
8335,38
8383,38
8527,38
8529,38
9269,38
9459,38
9491,38
9605,38
9761,38
9959,38
9971,38
10028,38
10079,38
10096,38
10277,38
10350,38
10953,38
11168,38
11341,38
11342,38
329,39
362,39
471,39
568,39
601,39
657,39
1154,39
2695,39
2696,39
2713,39
3029,39
3173,39
3493,39
3503,39
3508,39
4000,39
4025,39
4031,39
4113,39
4356,39
4591,39
4939,39
4952,39
5380,39
5647,39
5815,39
5967,39
6150,39
6301,39
7530,39
8334,39
8335,39
8336,39
8337,39
8338,39
8500,39
8707,39
8923,39
9112,39
9113,39
9491,39
9618,39
9744,39
10028,39
10079,39
10350,39
10990,39
10991,39
11130,39
11168,39
20,40
31,40
152,40
174,40
601,40
689,40
2503,40
3651,40
9491,40
10228,40
10229,40
31,41
152,41
155,41
169,41
174,41
231,41
471,41
601,41
699,41
1301,41
1302,41
1303,41
1304,41
2442,41
2443,41
2614,41
2634,41
3503,41
3651,41
4031,41
4113,41
4154,41
4178,41
4356,41
6075,41
6076,41
6112,41
6295,41
6296,41
6708,41
6780,41
8335,41
8383,41
8527,41
8529,41
9269,41
9459,41
9491,41
9605,41
9761,41
9959,41
9971,41
10028,41
10079,41
10096,41
10277,41
10350,41
10953,41
11341,41
11342,41
329,42
362,42
471,42
568,42
601,42
657,42
1154,42
2695,42
2696,42
2713,42
3029,42
3173,42
3493,42
3503,42
3508,42
4000,42
4025,42
4031,42
4356,42
4591,42
4939,42
4952,42
5380,42
5647,42
5815,42
5967,42
6150,42
6154,42
6301,42
7530,42
8334,42
8335,42
8336,42
8337,42
8338,42
8500,42
8707,42
8923,42
9112,42
9113,42
9491,42
9618,42
9744,42
10028,42
10079,42
10350,42
10990,42
10991,42
11130,42
11168,42
329,43
362,43
471,43
568,43
601,43
657,43
1154,43
2695,43
2696,43
2713,43
3029,43
3173,43
3493,43
3503,43
3508,43
4000,43
4025,43
4031,43
4356,43
4591,43
4939,43
4952,43
5380,43
5647,43
5815,43
5967,43
6150,43
6154,43
6301,43
7530,43
8334,43
8335,43
8336,43
8337,43
8338,43
8500,43
8707,43
8923,43
9112,43
9113,43
9491,43
9618,43
9744,43
10028,43
10079,43
10350,43
10990,43
10991,43
11130,43
11168,43
329,44
362,44
471,44
568,44
601,44
657,44
2695,44
2696,44
2713,44
3029,44
3173,44
3493,44
3503,44
3508,44
4000,44
4025,44
4031,44
4356,44
4591,44
4939,44
4952,44
5380,44
5647,44
5815,44
5967,44
6150,44
6154,44
6301,44
7530,44
8334,44
8335,44
8336,44
8337,44
8338,44
8500,44
8706,44
8707,44
8923,44
9112,44
9113,44
9491,44
9618,44
9744,44
10028,44
10079,44
10350,44
10990,44
10991,44
11130,44
11168,44
318,45
601,45
4031,45
4113,45
4356,45
8547,45
9934,45
152,46
177,46
231,46
311,46
350,46
601,46
605,46
1389,46
1390,46
1626,46
1697,46
2286,46
2503,46
2576,46
2582,46
2590,46
2634,46
3120,46
3236,46
4031,46
4113,46
4356,46
5772,46
5773,46
9790,46
9791,46
10162,46
11145,46
11253,46
11769,46
11992,46
31,48
152,48
174,48
231,48
309,48
350,48
394,48
395,48
601,48
689,48
699,48
1302,48
1626,48
1697,48
2030,48
2490,48
2503,48
2506,48
2576,48
2614,48
2634,48
4045,48
5684,48
6112,48
8529,48
10953,48
601,49
3508,49
3556,49
4025,49
4334,49
4476,49
4477,49
4931,49
4978,49
4980,49
7282,49
7691,49
8547,49
8548,49
9467,49
9468,49
9499,49
9605,49
10558,49
10760,49
10915,49
10917,49
12097,49
12348,49
165,50
601,50
985,50
3508,50
7147,50
7691,50
9499,50
309,51
394,51
395,51
699,51
2030,51
2490,51
2506,51
4045,51
6112,51
309,52
394,52
395,52
699,52
2030,52
2490,52
2506,52
4045,52
6112,52
1549,53
1579,53
2291,53
3095,53
3158,53
3556,53
3634,53
4026,53
4321,53
4334,53
5171,53
5175,53
5176,53
5216,53
5332,53
5333,53
5334,53
5335,53
5336,53
5337,53
5526,53
5544,53
5590,53
6185,53
6547,53
6548,53
6740,53
6741,53
6742,53
6743,53
6744,53
6745,53
7917,53
9249,53
9491,53
9577,53
9602,53
9782,53
9783,53
9935,53
10656,53
10809,53
10915,53
11207,53
11813,53
12163,53
12164,53
12274,53
12281,53
12337,53
309,54
394,54
395,54
699,54
2030,54
2490,54
2506,54
2614,54
4045,54
6112,54
6635,54
42,55
262,55
318,55
601,55
1546,55
1751,55
1968,55
2071,55
3044,55
3095,55
3236,55
3508,55
3556,55
3651,55
3694,55
3695,55
3696,55
3697,55
4228,55
4284,55
4321,55
4334,55
4931,55
5378,55
5393,55
5723,55
6185,55
6585,55
6586,55
6587,55
6588,55
7282,55
7691,55
7876,55
8547,55
9411,55
9491,55
9561,55
9562,55
9563,55
9564,55
9605,55
10082,55
10778,55
10915,55
11207,55
11801,55
12092,55
12292,55
12348,55
1751,56
20,57
52,57
262,57
309,57
394,57
395,57
538,57
601,57
699,57
1530,57
1545,57
1546,57
1751,57
2030,57
2490,57
2506,57
2588,57
2614,57
3197,57
3439,57
3556,57
4045,57
4476,57
4477,57
4624,57
4931,57
5393,57
6112,57
7016,57
7017,57
7819,57
7820,57
9008,57
9009,57
9467,57
9468,57
9602,57
9605,57
9606,57
10223,57
11645,57
12181,57
12348,57
4461,58
4605,58
5482,58
5681,58
8659,58
8660,58
4467,59
4487,59
4488,59
4910,59
6775,59
4892,61
4892,62
4104,63
4358,63
1959,64
4104,64
4358,64
7283,65
9535,65
2040,67
6323,67
6324,67
6325,67
6326,67
9545,67
9546,67
9896,67
9899,67
10077,67
10771,67
10973,67
243,68
2137,68
2248,68
4104,69
4355,69
4696,69
5105,69
9592,69
532,70
563,70
567,70
574,70
719,70
919,70
934,70
939,70
1017,70
1347,70
1369,70
1522,70
2873,70
2918,70
3147,70
3412,70
3440,70
3490,70
3501,70
3574,70
3639,70
4423,70
4618,70
4619,70
5096,70
5781,70
6929,70
7680,70
7681,70
7773,70
8820,70
8821,70
9498,70
10313,70
10728,70
440,71
4030,71
4405,71
4416,71
4842,71
5883,71
4104,72
4358,72
4636,73
9592,73
239,74
283,74
312,74
381,74
596,74
936,74
976,74
1004,74
1275,74
1396,74
1976,74
2646,74
2846,74
3844,74
4279,74
4451,74
5358,74
5359,74
7109,74
7636,74
7637,74
7638,74
7639,74
7640,74
7641,74
7761,74
7762,74
8014,74
8037,74
8038,74
8114,74
8115,74
8116,74
8117,74
8118,74
8119,74
4751,76
7184,76
4393,80
4501,80
4502,80
4503,80
4504,80
4752,80
5097,80
6199,80
6529,80
6530,80
7184,80
1959,81
4104,81
4358,81
236,82
992,82
1519,82
1520,82
1521,82
2277,82
4214,82
4456,82
4645,82
4675,82
4899,82
4941,82
4967,82
4968,82
4992,82
5005,82
5041,82
5042,82
5246,82
5443,82
5725,82
5806,82
6342,82
6406,82
6600,82
6717,82
6850,82
7117,82
7118,82
7358,82
7465,82
7466,82
7484,82
7560,82
7779,82
7914,82
8674,82
9103,82
9106,82
9118,82
9259,82
9260,82
9330,82
9381,82
9759,82
9824,82
9908,82
10650,82
10762,82
11712,82
4967,83
5246,83
196,84
236,84
419,84
530,84
1077,84
1182,84
1409,84
1679,84
2670,84
3236,84
3512,84
3851,84
4042,84
4214,84
4456,84
4544,84
4675,84
4899,84
4992,84
5442,84
5443,84
5551,84
6489,84
6600,84
7815,84
7816,84
7817,84
7818,84
7922,84
7923,84
7924,84
8812,84
9106,84
9330,84
9419,84
9570,84
9571,84
9684,84
9758,84
9832,84
9909,84
10025,84
10026,84
10336,84
10762,84
10870,84
10893,84
11292,84
11326,84
12067,84
2387,85
4214,85
4992,85
9381,85
196,86
236,86
550,86
628,86
1401,86
1402,86
1512,86
1521,86
1679,86
2636,86
2863,86
3784,86
3785,86
4043,86
4214,86
4247,86
4256,86
4357,86
4408,86
4544,86
4968,86
5041,86
5242,86
5319,86
5320,86
5321,86
5322,86
5360,86
5551,86
6385,86
6386,86
6387,86
6558,86
6559,86
6721,86
6850,86
7117,86
7125,86
7161,86
7606,86
8725,86
9106,86
9283,86
9373,86
10250,86
10251,86
10262,86
10294,86
10316,86
10317,86
2387,87
4456,87
4645,87
5246,87
5436,87
5443,87
5551,87
5645,87
5857,87
6449,87
9381,87
196,88
236,88
419,88
708,88
1077,88
1293,88
1437,88
1679,88
1955,88
2670,88
3236,88
4214,88
4544,88
4712,88
4899,88
4968,88
4992,88
5338,88
5443,88
5523,88
5551,88
5585,88
5587,88
5635,88
5954,88
5983,88
6524,88
7216,88
7229,88
7243,88
7606,88
7752,88
7779,88
7879,88
8603,88
8604,88
8605,88
9044,88
9106,88
9330,88
9365,88
9570,88
9571,88
9616,88
9685,88
10336,88
10650,88
11055,88
11292,88
11326,88
4214,89
4992,89
45,90
48,90
196,90
236,90
628,90
1458,90
1679,90
3180,90
3785,90
4042,90
4043,90
4204,90
4214,90
4247,90
4256,90
4544,90
4899,90
4968,90
4992,90
5242,90
5283,90
5284,90
5320,90
5322,90
5360,90
5551,90
5720,90
5721,90
6385,90
6387,90
6850,90
7120,90
7161,90
8603,90
8605,90
8636,90
9106,90
9283,90
9330,90
9522,90
10025,90
10026,90
10250,90
10251,90
10294,90
10316,90
10317,90
10719,90
11326,90
12105,90
45,91
196,91
1091,91
1284,91
1385,91
1519,91
1666,91
2089,91
2122,91
2670,91
2847,91
2919,91
3046,91
3512,91
4214,91
4544,91
4899,91
4967,91
4968,91
4970,91
5284,91
5442,91
5551,91
5645,91
5806,91
6722,91
6850,91
7473,91
7484,91
7606,91
8674,91
8781,91
9103,91
9106,91
9330,91
9381,91
9526,91
9769,91
9770,91
9908,91
10025,91
10762,91
10893,91
11292,91
11326,91
11555,91
11620,91
11858,91
12080,91
12081,91
5442,92
12081,92
45,93
627,93
876,93
1373,93
1458,93
2267,93
2688,93
2847,93
2919,93
3512,93
4042,93
4157,93
4204,93
4214,93
4247,93
4256,93
4340,93
4456,93
4544,93
4645,93
4712,93
4899,93
4968,93
5005,93
5442,93
5537,93
5551,93
5720,93
5721,93
5806,93
5853,93
6722,93
6850,93
7119,93
7120,93
7121,93
7887,93
8633,93
8634,93
8635,93
8636,93
8637,93
8674,93
9106,93
9280,93
9330,93
9908,93
10081,93
10294,93
10762,93
243,95
394,95
1401,95
1402,95
1654,95
1657,95
1759,95
1789,95
2213,95
2214,95
2357,95
3180,95
3236,95
3784,95
3785,95
3984,95
4214,95
4437,95
4544,95
4899,95
4992,95
5443,95
6385,95
6386,95
6387,95
6524,95
6558,95
6559,95
6768,95
7161,95
7243,95
9106,95
9283,95
9330,95
9522,95
9541,95
9542,95
9603,95
9832,95
10213,95
10250,95
10251,95
10262,95
10316,95
10317,95
10336,95
11443,95
12067,95
12137,95
4214,96
4992,96
2267,97
2919,97
3162,97
3180,97
3357,97
3358,97
4052,97
4214,97
4456,97
4645,97
4712,97
4899,97
4967,97
4992,97
5004,97
5005,97
5244,97
5246,97
5277,97
5433,97
5436,97
5443,97
5857,97
6055,97
6449,97
6600,97
6728,97
6766,97
6768,97
7124,97
7443,97
7466,97
9330,97
10213,97
10214,97
10215,97
10216,97
10217,97
10218,97
10605,97
10762,97
1676,99
2638,99
4216,99
4257,99
4277,99
4315,99
4788,99
4874,99
5352,99
6957,99
9406,99
9407,99
9820,99
11678,99
8615,100
8651,100
12257,100
8615,101
8651,101
12257,101
4257,102
4277,102
4315,102
4407,102
4788,102
4874,102
9402,102
9406,102
9407,102
9820,102
10019,102
314,103
9642,103
4257,104
4277,104
4315,104
4788,104
4874,104
8615,104
8651,104
9406,104
9407,104
12257,104
314,105
11188,105
300,107
342,107
1528,107
4148,107
4802,107
4982,107
4983,107
7654,107
342,108
1528,108
4802,108
4982,108
4983,108
7783,108
9340,108
9377,108
1527,109
1528,109
521,110
631,110
1226,110
1333,110
1404,110
1670,110
2534,110
2536,110
2783,110
2803,110
3517,110
4461,110
4462,110
4530,110
4546,110
4701,110
5235,110
5364,110
5418,110
5795,110
6111,110
6157,110
6193,110
6421,110
7354,110
8856,110
8866,110
9373,110
9404,110
9534,110
9535,110
10757,110
11311,110
12294,110
6649,111
11817,112
12060,112
6649,113
1792,114
1856,114
2432,114
2772,114
2773,114
3140,114
3663,114
3835,114
3909,114
4257,114
4407,114
4468,114
4788,114
5073,114
5074,114
5081,114
5424,114
6347,114
6348,114
6376,114
6382,114
6492,114
6508,114
6725,114
6814,114
6869,114
6870,114
7570,114
8056,114
9156,114
9207,114
9405,114
9535,114
9700,114
9701,114
9855,114
9860,114
9918,114
10036,114
10051,114
10909,114
11246,114
11343,114
11344,114
11454,114
11834,114
12008,114
12258,114
12262,114
12354,114
2432,115
9535,115
11324,115
853,116
1675,116
1676,116
2432,116
2638,116
2772,116
2773,116
3285,116
4257,116
4315,116
4407,116
4874,116
6957,116
7570,116
9109,116
9402,116
9405,116
9535,116
9855,116
9975,116
10019,116
10370,116
9975,117
9975,118
5729,119
5730,119
6615,119
7907,119
7908,119
7909,119
7910,119
8616,119
8617,119
10327,119
11019,119
11020,119
8929,120
6726,121
6727,121
10828,121
12001,122
12034,122
6726,123
6727,123
9647,123
12001,123
12034,123
3428,125
5354,125
598,127
4220,127
4560,127
4561,127
5831,127
5832,127
6423,127
6763,127
7340,127
10105,127
10106,127
4220,128
4221,128
12096,128
62,131
107,131
364,131
1281,131
1282,131
1475,131
1538,131
1610,131
1712,131
1960,131
3127,131
4244,131
4576,131
4975,131
7568,131
9599,131
11147,131
11312,131
364,132
803,132
1475,132
1610,132
1696,132
1712,132
1855,132
1960,132
2969,132
3127,132
3401,132
3688,132
3756,132
4049,132
4244,132
5619,132
5758,132
5893,132
6679,132
6908,132
8680,132
8859,132
9599,132
10478,132
10761,132
11103,132
11179,132
11269,132
11270,132
11271,132
11272,132
11273,132
11274,132
11275,132
11276,132
11277,132
11278,132
11279,132
11280,132
11636,132
11637,132
11758,132
11938,132
11939,132
11940,132
11941,132
11942,132
12122,132
12301,132
12303,132
62,133
162,133
591,133
833,133
851,133
1064,133
1281,133
1282,133
1306,133
1433,133
1627,133
2105,133
2552,133
2635,133
2662,133
2859,133
2945,133
2948,133
2960,133
2961,133
3198,133
3236,133
3279,133
4244,133
4427,133
4975,133
5021,133
5160,133
5161,133
5287,133
5509,133
6648,133
7561,133
7562,133
8177,133
9712,133
9864,133
9865,133
9866,133
9867,133
9868,133
10353,133
10354,133
10355,133
10357,133
12106,133
12183,133
12264,133
141,134
172,134
332,134
364,134
739,134
1610,134
1611,134
1627,134
1712,134
1960,134
2482,134
2512,134
2552,134
3263,134
3281,134
3841,134
4034,134
4245,134
6419,134
8300,134
8301,134
8302,134
8303,134
9905,134
11147,134
11404,134
11405,134
12106,134
95,135
139,135
141,135
172,135
332,135
364,135
739,135
1475,135
1610,135
1960,135
2859,135
3127,135
3198,135
4008,135
4034,135
4189,135
5287,135
5749,135
7127,135
7142,135
7294,135
7448,135
8222,135
8223,135
8680,135
8757,135
8758,135
8759,135
8894,135
8895,135
8896,135
8897,135
8898,135
8899,135
8900,135
8901,135
8902,135
8903,135
8909,135
8910,135
9205,135
9310,135
9368,135
9599,135
11147,135
364,136
655,136
680,136
728,136
729,136
1109,136
1475,136
1610,136
1697,136
1712,136
1736,136
1960,136
2105,136
2110,136
2132,136
2356,136
2735,136
2782,136
2802,136
2912,136
2917,136
2952,136
2974,136
3341,136
3342,136
3449,136
3616,136
3840,136
4576,136
5911,136
6478,136
6853,136
6854,136
7077,136
7078,136
9599,136
11147,136
386,137
597,137
598,137
599,137
973,137
2551,137
3150,137
4058,137
4220,137
4221,137
4240,137
4241,137
4317,137
4391,137
4560,137
4561,137
4587,137
4588,137
4589,137
4590,137
5247,137
5534,137
5831,137
5832,137
5837,137
5838,137
5950,137
9916,137
9917,137
10105,137
10106,137
10271,137
10272,137
10273,137
10274,137
10448,137
10449,137
10456,137
10457,137
10460,137
10461,137
10462,137
10463,137
10466,137
10467,137
12128,137
12143,137
598,139
3434,139
4220,139
4221,139
5714,139
7149,139
7986,139
10302,139
166,140
598,140
1120,140
1121,140
1122,140
1123,140
1161,140
1162,140
2551,140
4147,140
4220,140
4221,140
4240,140
4242,140
4243,140
5251,140
5950,140
5991,140
6187,140
6423,140
6762,140
6763,140
6764,140
6969,140
7345,140
10563,140
10564,140
10970,140
11304,140
12096,140
12120,140
2026,141
3612,141
6444,141
83,142
222,142
285,142
286,142
463,142
464,142
662,142
1324,142
1331,142
2341,142
2468,142
2706,142
2894,142
3016,142
3257,142
3273,142
3892,142
4093,142
4754,142
5040,142
5138,142
5139,142
5787,142
5888,142
6660,142
7102,142
7393,142
7394,142
7395,142
7396,142
7557,142
7875,142
8226,142
8252,142
8253,142
8606,142
8608,142
8609,142
8612,142
8614,142
9171,142
10142,142
10143,142
10144,142
10380,142
10492,142
10493,142
10503,142
10504,142
1331,143
2026,143
3612,143
4338,143
6444,143
7915,143
7916,143
11494,143
83,144
222,144
285,144
286,144
662,144
1331,144
2341,144
2344,144
2345,144
2894,144
3016,144
3839,144
3841,144
4093,144
5040,144
5138,144
5139,144
5613,144
5787,144
6444,144
6707,144
7101,144
7102,144
7331,144
7393,144
7394,144
7395,144
7396,144
7557,144
7875,144
8226,144
8243,144
8252,144
8253,144
8606,144
8607,144
8608,144
8609,144
8610,144
8611,144
8612,144
8613,144
8614,144
9171,144
10378,144
10380,144
10492,144
10493,144
10503,144
10504,144
257,145
387,145
608,145
1331,145
2026,145
3488,145
3612,145
4093,145
4338,145
5429,145
6444,145
7490,145
7627,145
7915,145
7916,145
8500,145
11494,145
83,146
222,146
285,146
286,146
463,146
464,146
662,146
1331,146
2341,146
2468,146
2706,146
2894,146
3016,146
3257,146
3273,146
3892,146
4093,146
4754,146
5040,146
5138,146
5139,146
5787,146
5888,146
6444,146
6660,146
7102,146
7393,146
7394,146
7395,146
7396,146
7557,146
7875,146
8226,146
8243,146
8252,146
8253,146
8606,146
8607,146
8608,146
8609,146
8610,146
8612,146
8614,146
9171,146
10380,146
10492,146
10493,146
10503,146
10504,146
5429,147
8641,147
426,148
427,148
1331,148
2026,148
2748,148
3612,148
4180,148
4759,148
5429,148
5541,148
6283,148
6444,148
7490,148
7915,148
7916,148
8160,148
8161,148
8162,148
8163,148
8164,148
8165,148
8166,148
8167,148
8168,148
222,149
1331,149
1332,149
2026,149
3612,149
4341,149
5538,149
7064,149
83,150
222,150
285,150
286,150
463,150
464,150
662,150
1331,150
2341,150
2468,150
2706,150
2894,150
3016,150
3257,150
3273,150
3892,150
4093,150
4754,150
5040,150
5138,150
5139,150
5787,150
5888,150
6444,150
6660,150
7102,150
7393,150
7394,150
7395,150
7396,150
7557,150
7875,150
8226,150
8243,150
8252,150
8253,150
8606,150
8608,150
8609,150
8610,150
8612,150
8614,150
9171,150
10380,150
10492,150
10493,150
10503,150
10504,150
2026,151
3612,151
6444,151
83,152
222,152
285,152
286,152
662,152
709,152
966,152
1331,152
2341,152
2344,152
2345,152
2894,152
3016,152
4093,152
4180,152
5040,152
5138,152
5139,152
5613,152
5787,152
6707,152
7101,152
7102,152
7331,152
7393,152
7394,152
7395,152
7396,152
7557,152
7875,152
8226,152
8243,152
8252,152
8253,152
8606,152
8607,152
8608,152
8609,152
8610,152
8611,152
8612,152
8613,152
8614,152
9171,152
10378,152
10380,152
10492,152
10493,152
10503,152
10504,152
2026,153
3612,153
6444,153
4341,154
5538,154
7064,154
83,155
222,155
285,155
286,155
662,155
709,155
966,155
1331,155
2341,155
2344,155
2345,155
2894,155
3016,155
4093,155
4180,155
5040,155
5138,155
5139,155
5613,155
5787,155
6707,155
7101,155
7102,155
7331,155
7393,155
7394,155
7395,155
7396,155
7557,155
7875,155
8226,155
8243,155
8252,155
8253,155
8606,155
8607,155
8608,155
8609,155
8610,155
8611,155
8612,155
8613,155
8614,155
9171,155
10378,155
10380,155
10492,155
10493,155
10503,155
10504,155
35,156
222,156
463,156
464,156
556,156
1331,156
1332,156
1384,156
1496,156
1497,156
2025,156
2026,156
2164,156
2359,156
2748,156
3039,156
3040,156
3261,156
3612,156
4093,156
4180,156
4952,156
5040,156
5419,156
5420,156
5421,156
5429,156
6283,156
6444,156
7490,156
8685,156
9437,156
10867,156
10939,156
11168,156
12263,156
1331,157
4341,157
5538,157
7064,157
8500,157
6,158
35,158
83,158
285,158
556,158
557,158
662,158
921,158
2026,158
2341,158
2347,158
2359,158
2894,158
3016,158
3612,158
3839,158
4373,158
4909,158
4952,158
5040,158
5138,158
5149,158
5452,158
5787,158
6599,158
6999,158
7102,158
7136,158
7547,158
7548,158
7557,158
7875,158
8252,158
8253,158
8606,158
8608,158
8609,158
8612,158
8614,158
9171,158
10380,158
10492,158
10493,158
10503,158
10504,158
10644,158
11318,158
11992,158
12074,158
12075,158
6444,159
83,160
222,160
285,160
286,160
662,160
709,160
966,160
1331,160
2341,160
2344,160
2345,160
2894,160
3016,160
4093,160
5040,160
5138,160
5139,160
5429,160
5613,160
5787,160
6707,160
7101,160
7102,160
7331,160
7393,160
7394,160
7395,160
7396,160
7557,160
7875,160
8226,160
8243,160
8252,160
8253,160
8606,160
8607,160
8608,160
8609,160
8610,160
8611,160
8612,160
8613,160
8614,160
9171,160
10378,160
10380,160
10492,160
10493,160
10503,160
10504,160
2026,161
3612,161
6444,161
5117,162
83,163
222,163
285,163
286,163
662,163
709,163
966,163
1331,163
2341,163
2344,163
2345,163
2894,163
3016,163
4093,163
4180,163
5040,163
5138,163
5139,163
5613,163
5787,163
6707,163
7101,163
7102,163
7331,163
7393,163
7394,163
7395,163
7396,163
7557,163
7875,163
8226,163
8243,163
8252,163
8253,163
8606,163
8607,163
8608,163
8609,163
8610,163
8611,163
8612,163
8613,163
8614,163
9171,163
10378,163
10380,163
10492,163
10493,163
10503,163
10504,163
222,164
1331,164
1332,164
2026,164
2359,164
2514,164
2748,164
3612,164
4180,164
5138,164
5139,164
7981,164
257,165
387,165
608,165
1331,165
2026,165
2748,165
3488,165
3612,165
4093,165
4338,165
5429,165
7490,165
7915,165
7916,165
11494,165
83,166
222,166
285,166
286,166
662,166
1331,166
2341,166
2344,166
2345,166
2894,166
3016,166
3839,166
3841,166
4093,166
5040,166
5138,166
5139,166
5429,166
5613,166
5787,166
6707,166
7101,166
7102,166
7331,166
7393,166
7394,166
7395,166
7396,166
7557,166
7875,166
7915,166
7916,166
8226,166
8243,166
8252,166
8253,166
8606,166
8607,166
8608,166
8609,166
8610,166
8612,166
8613,166
8614,166
9171,166
10380,166
10492,166
10493,166
10503,166
10504,166
1331,167
2026,167
3612,167
5429,167
7490,167
4341,168
5538,168
7064,168
83,169
222,169
285,169
286,169
662,169
709,169
966,169
1331,169
2341,169
2344,169
2345,169
2894,169
3016,169
4093,169
4180,169
5040,169
5138,169
5139,169
5613,169
5787,169
6707,169
7101,169
7102,169
7331,169
7393,169
7394,169
7395,169
7396,169
7557,169
7875,169
8226,169
8243,169
8252,169
8253,169
8606,169
8607,169
8608,169
8609,169
8610,169
8611,169
8612,169
8613,169
8614,169
9171,169
10378,169
10380,169
10492,169
10493,169
10503,169
10504,169
1331,170
2026,170
2748,170
3612,170
4338,170
5429,170
7490,170
7915,170
7916,170
11494,170
4341,171
5538,171
7064,171
83,172
222,172
285,172
286,172
662,172
1331,172
2026,172
2341,172
2894,172
3016,172
3488,172
3612,172
3839,172
3841,172
4093,172
5040,172
5138,172
5139,172
5149,172
5452,172
5787,172
7102,172
7136,172
7393,172
7394,172
7395,172
7396,172
7547,172
7548,172
7557,172
7875,172
7916,172
8226,172
8243,172
8252,172
8253,172
8606,172
8607,172
8608,172
8609,172
8610,172
8612,172
8613,172
8614,172
9171,172
10380,172
10492,172
10493,172
10503,172
10504,172
2026,173
3612,173
5117,174
83,175
222,175
285,175
286,175
662,175
709,175
966,175
1331,175
2341,175
2344,175
2345,175
2894,175
3016,175
4093,175
4180,175
5040,175
5138,175
5139,175
5613,175
5787,175
6707,175
7101,175
7102,175
7331,175
7393,175
7394,175
7395,175
7396,175
7557,175
7875,175
8226,175
8243,175
8252,175
8253,175
8606,175
8607,175
8608,175
8609,175
8610,175
8611,175
8612,175
8613,175
8614,175
9171,175
10378,175
10380,175
10492,175
10493,175
10503,175
10504,175
222,176
1331,176
1332,176
2026,176
2359,176
2514,176
2748,176
3612,176
5138,176
5139,176
7981,176
1331,177
2026,177
2748,177
3612,177
222,178
247,178
257,178
376,178
377,178
966,178
1331,178
1332,178
2026,178
2359,178
2514,178
2748,178
3488,178
3612,178
3839,178
3841,178
4093,178
4180,178
4338,178
4346,178
5138,178
5139,178
5429,178
5536,178
5539,178
6444,178
7395,178
7396,178
7981,178
8316,178
10237,178
11494,178
364,179
2026,179
3612,179
2026,180
3612,180
222,181
1331,181
1332,181
2026,181
2359,181
2514,181
2748,181
3612,181
5138,181
5139,181
7981,181
556,182
1331,182
2366,182
2368,182
3839,182
4952,182
5040,182
6283,182
12263,182
1676,183
4257,183
4315,183
4874,183
9406,183
9407,183
9855,183
9975,183
10804,183
12273,183
2852,184
8455,184
10828,184
2853,185
13,186
267,186
619,186
620,186
1952,186
1953,186
2032,186
2033,186
2038,186
2045,186
2417,186
2507,186
2508,186
2553,186
2643,186
3153,186
3176,186
3221,186
3236,186
3504,186
3614,186
3839,186
3841,186
4066,186
4223,186
4314,186
4389,186
4728,186
4774,186
4877,186
5842,186
5843,186
6271,186
6272,186
7116,186
7522,186
8269,186
8390,186
8498,186
9861,186
9862,186
9906,186
9965,186
9981,186
9982,186
9983,186
10855,186
11319,186
12108,186
12130,186
364,187
687,187
2040,187
2512,187
2553,187
2643,187
3841,187
4094,187
8177,187
8237,187
9551,187
9861,187
9862,187
136,188
191,188
198,188
240,188
267,188
373,188
573,188
620,188
1240,188
1477,188
1523,188
2047,188
2167,188
2491,188
2507,188
2508,188
2553,188
2643,188
3097,188
3504,188
3537,188
3735,188
3736,188
3841,188
4359,188
4774,188
5134,188
5830,188
5842,188
5843,188
6162,188
6952,188
7054,188
7251,188
7429,188
7546,188
7893,188
8018,188
8245,188
8246,188
8247,188
8248,188
8314,188
8392,188
9981,188
9982,188
10090,188
10473,188
10487,188
12241,188
13,189
619,189
620,189
1952,189
1953,189
2032,189
2033,189
2038,189
2045,189
2507,189
2508,189
2553,189
3153,189
3176,189
3221,189
3236,189
3274,189
3504,189
3614,189
3841,189
4728,189
4774,189
4877,189
5266,189
5267,189
5842,189
5843,189
7116,189
7275,189
7402,189
7403,189
7425,189
8269,189
8498,189
9605,189
9850,189
9861,189
9862,189
9906,189
9965,189
9981,189
9982,189
9983,189
10491,189
10800,189
10855,189
11253,189
11642,189
12108,189
12130,189
364,190
2040,190
2512,190
3841,190
9551,190
9861,190
9862,190
364,191
4367,191
4976,191
136,192
267,192
373,192
573,192
619,192
620,192
1477,192
1523,192
1530,192
2045,192
2047,192
2167,192
2491,192
2507,192
2508,192
2553,192
2643,192
3092,192
3093,192
3097,192
3153,192
3176,192
3504,192
3841,192
4009,192
4094,192
4095,192
4130,192
4359,192
4728,192
4774,192
5134,192
5409,192
5830,192
5842,192
5843,192
6162,192
6952,192
7054,192
7893,192
8018,192
8177,192
8237,192
8238,192
8258,192
9605,192
9981,192
9982,192
10487,192
11665,192
13,193
619,193
620,193
1523,193
1530,193
1952,193
1953,193
2032,193
2033,193
2038,193
2045,193
2507,193
2508,193
2553,193
2643,193
3153,193
3176,193
3221,193
3236,193
3274,193
3466,193
3504,193
3614,193
3839,193
3841,193
4004,193
4359,193
4728,193
4774,193
4877,193
5842,193
5843,193
7116,193
7275,193
7402,193
7403,193
8269,193
8498,193
9605,193
9850,193
9861,193
9862,193
9906,193
10090,193
10800,193
11215,193
11642,193
11665,193
12108,193
12130,193
2040,194
9551,194
9861,194
9862,194
160,195
620,195
687,195
1477,195
2030,195
2045,195
2167,195
2507,195
2508,195
3097,195
3153,195
3274,195
3841,195
4094,195
4095,195
4112,195
4728,195
4774,195
5842,195
5843,195
6467,195
6952,195
7159,195
8018,195
8237,195
8238,195
8258,195
9551,195
9605,195
9981,195
9982,195
13,196
121,196
619,196
620,196
1341,196
1530,196
1545,196
1952,196
1953,196
1988,196
2032,196
2033,196
2038,196
2045,196
2512,196
2553,196
2808,196
3153,196
3176,196
3236,196
3274,196
3504,196
3569,196
3614,196
3841,196
4376,196
4377,196
4728,196
5842,196
5843,196
7116,196
7275,196
7402,196
7403,196
8269,196
9536,196
9551,196
9605,196
9850,196
9906,196
10115,196
10116,196
11062,196
11642,196
12099,196
12108,196
12119,196
12130,196
2040,197
9551,197
9861,197
9862,197
160,198
687,198
829,198
949,198
1477,198
1706,198
2167,198
2512,198
3092,198
3093,198
3504,198
3841,198
4094,198
4095,198
4112,198
4376,198
4377,198
5409,198
6162,198
7893,198
8237,198
8238,198
8258,198
9551,198
9605,198
13,199
619,199
620,199
1530,199
1952,199
1953,199
2032,199
2033,199
2038,199
2045,199
2512,199
2553,199
2643,199
3153,199
3176,199
3236,199
3274,199
3466,199
3504,199
3569,199
3614,199
3839,199
3841,199
4728,199
5842,199
5843,199
7116,199
7275,199
7402,199
7403,199
8269,199
9536,199
9605,199
9850,199
9906,199
10115,199
10116,199
11062,199
11583,199
11625,199
11642,199
11665,199
11695,199
11706,199
11905,199
12099,199
12110,199
12119,199
12130,199
2040,200
9551,200
9861,200
9862,200
20,201
394,201
2030,201
3097,201
5842,201
5843,201
1887,202
6930,202
6931,202
10435,202
11295,202
11719,202
6920,203
11869,203
11887,203
1887,204
6610,204
6930,204
6931,204
11887,204
1685,207
4257,207
4267,207
8922,207
9392,207
9855,207
4407,208
4788,208
9855,208
4257,209
4315,209
4407,209
4788,209
4878,209
9820,209
9855,209
10370,209
4054,210
3805,211
4054,211
5642,211
5643,211
6828,211
7097,211
7098,211
7596,211
1581,212
2629,212
4054,212
4111,212
4303,212
4896,212
8751,212
8784,212
10703,212
11234,212
4289,214
8784,214
20,216
76,216
341,216
397,216
1530,216
1549,216
1622,216
1657,216
1668,216
1978,216
2485,216
2697,216
3207,216
3355,216
3356,216
4437,216
4476,216
4477,216
4902,216
5820,216
7441,216
8182,216
8228,216
8229,216
9412,216
9413,216
9414,216
9415,216
9485,216
9568,216
9576,216
9578,216
9581,216
9582,216
9605,216
9620,216
9757,216
9988,216
9989,216
10278,216
10279,216
10444,216
10445,216
11013,216
11017,216
11023,216
11024,216
11385,216
12111,216
12170,216
76,217
625,217
1549,217
1657,217
1751,217
1942,217
1979,217
2417,217
3169,217
3170,217
3236,217
3355,217
3356,217
3485,217
3509,217
3555,217
3674,217
3983,217
4031,217
4183,217
4223,217
4334,217
4356,217
4389,217
4437,217
4520,217
4707,217
4812,217
4858,217
4861,217
4902,217
4971,217
4986,217
7522,217
8549,217
9538,217
9539,217
9597,217
9598,217
9785,217
9800,217
9849,217
9906,217
10517,217
10946,217
10947,217
12098,217
12111,217
12130,217
12195,217
30,219
316,219
394,219
395,219
582,219
622,219
623,219
625,219
918,219
986,219
1546,219
1549,219
1592,219
1657,219
1738,219
1739,219
1751,219
1940,219
1941,219
3169,219
3170,219
3207,219
3219,219
3355,219
3356,219
3372,219
3373,219
3374,219
3375,219
3376,219
3377,219
3531,219
3532,219
3674,219
4031,219
4356,219
4707,219
4812,219
4971,219
6231,219
6232,219
9605,219
9853,219
10559,219
10560,219
11034,219
11207,219
12098,219
12110,219
12111,219
76,220
121,220
260,220
625,220
839,220
986,220
1549,220
1657,220
1942,220
1979,220
2417,220
2697,220
3169,220
3170,220
3236,220
3355,220
3356,220
3674,220
3977,220
4031,220
4066,220
4223,220
4334,220
4356,220
4389,220
4437,220
4707,220
4812,220
4902,220
4971,220
5644,220
5820,220
5962,220
6244,220
6247,220
6248,220
7522,220
8443,220
9597,220
9598,220
9785,220
9800,220
9906,220
10946,220
10947,220
11030,220
11031,220
12098,220
12111,220
12130,220
397,221
1549,221
1657,221
4549,221
4550,221
9485,221
9898,221
9988,221
9989,221
20,222
30,222
394,222
395,222
397,222
475,222
512,222
582,222
622,222
623,222
625,222
918,222
1530,222
1622,222
1657,222
1751,222
1940,222
1941,222
2030,222
2256,222
2490,222
2506,222
3219,222
3355,222
3356,222
3674,222
4812,222
4971,222
9605,222
9841,222
10147,222
10148,222
10559,222
10560,222
11207,222
11384,222
12098,222
12110,222
12111,222
76,223
121,223
260,223
624,223
625,223
839,223
1549,223
1657,223
1942,223
1979,223
2417,223
2697,223
3236,223
3355,223
3356,223
4031,223
4066,223
4223,223
4334,223
4356,223
4389,223
4437,223
4447,223
4707,223
4812,223
4902,223
5820,223
6247,223
6248,223
7522,223
8182,223
8443,223
8726,223
8819,223
9597,223
9598,223
9605,223
9651,223
9785,223
9800,223
9906,223
10148,223
10946,223
10947,223
11030,223
11031,223
12092,223
12098,223
12111,223
12130,223
20,224
30,224
76,224
394,224
395,224
397,224
512,224
582,224
622,224
623,224
625,224
986,224
1530,224
1549,224
1622,224
1657,224
1668,224
1940,224
1941,224
2030,224
2256,224
2490,224
2500,224
2506,224
2617,224
3073,224
3169,224
3170,224
3207,224
3219,224
3355,224
3356,224
3674,224
4437,224
4476,224
4477,224
4549,224
4812,224
4902,224
4971,224
9485,224
9605,224
9898,224
9988,224
9989,224
10147,224
10148,224
10559,224
10560,224
12111,224
20,225
159,225
341,225
358,225
397,225
617,225
1657,225
1942,225
1978,225
2485,225
2697,225
3165,225
4437,225
4476,225
4477,225
4902,225
5820,225
7441,225
8182,225
8228,225
8229,225
9412,225
9413,225
9414,225
9415,225
9568,225
9576,225
9578,225
9581,225
9582,225
9620,225
9757,225
9847,225
9939,225
10278,225
10279,225
10444,225
10445,225
11013,225
11017,225
11023,225
11024,225
11385,225
12170,225
54,226
341,226
625,226
839,226
867,226
1549,226
1657,226
1942,226
1978,226
1979,226
3102,226
3124,226
3236,226
3355,226
3356,226
3558,226
3977,226
4031,226
4334,226
4344,226
4356,226
4437,226
4707,226
4861,226
4902,226
4997,226
5100,226
5103,226
5962,226
6337,226
6995,226
7610,226
7812,226
8139,226
8140,226
8147,226
8148,226
8356,226
9849,226
9906,226
10300,226
12100,226
12101,226
12125,226
12129,226
12130,226
12133,226
12185,226
12187,226
617,227
1657,227
4437,227
4902,227
617,228
1657,228
4437,228
54,229
185,229
341,229
357,229
394,229
420,229
622,229
623,229
625,229
839,229
843,229
844,229
1654,229
1940,229
1941,229
1942,229
1978,229
2644,229
3032,229
3558,229
4326,229
4437,229
4902,229
4997,229
5169,229
6090,229
6091,229
6168,229
6169,229
6254,229
6985,229
8385,229
8386,229
8467,229
8468,229
8469,229
8530,229
8531,229
8532,229
8533,229
9448,229
9538,229
9539,229
9603,229
10359,229
10360,229
10361,229
12098,229
12129,229
12133,229
20,230
2697,230
4437,230
4902,230
5820,230
7441,230
8182,230
9412,230
9620,230
11385,230
54,231
76,231
121,231
341,231
431,231
625,231
839,231
867,231
1549,231
1657,231
1942,231
1978,231
1979,231
3236,231
3355,231
3356,231
3555,231
3558,231
3977,231
4031,231
4210,231
4334,231
4356,231
4437,231
4520,231
4902,231
4997,231
5663,231
5962,231
6247,231
6337,231
7189,231
7812,231
8139,231
8140,231
9411,231
9849,231
9906,231
10044,231
10946,231
10947,231
11030,231
11031,231
11992,231
12100,231
12101,231
12125,231
12130,231
12133,231
617,232
1657,232
4437,232
4902,232
54,233
185,233
341,233
357,233
394,233
420,233
622,233
623,233
625,233
839,233
843,233
844,233
1654,233
1940,233
1941,233
1942,233
1978,233
3032,233
3558,233
4031,233
4326,233
4356,233
4437,233
4902,233
4997,233
5169,233
6090,233
6091,233
6168,233
6169,233
6254,233
6985,233
8385,233
8386,233
8467,233
8468,233
8469,233
8530,233
8531,233
8532,233
8533,233
9448,233
9538,233
9539,233
9603,233
10359,233
10360,233
10361,233
12098,233
12129,233
54,234
76,234
341,234
431,234
625,234
839,234
867,234
1549,234
1657,234
1942,234
1978,234
1979,234
2697,234
3102,234
3124,234
3355,234
3356,234
3555,234
3558,234
3977,234
4031,234
4210,234
4334,234
4356,234
4437,234
4520,234
4902,234
4997,234
5100,234
5103,234
5820,234
5962,234
6337,234
7189,234
7264,234
7812,234
8139,234
8140,234
9411,234
9849,234
9877,234
9906,234
10946,234
10947,234
12100,234
12101,234
12125,234
12130,234
12133,234
617,235
1657,235
4437,235
4902,235
54,236
185,236
341,236
357,236
394,236
420,236
622,236
623,236
625,236
839,236
843,236
844,236
1654,236
1940,236
1941,236
1942,236
1978,236
3032,236
3558,236
4031,236
4326,236
4356,236
4437,236
4902,236
4997,236
5169,236
6090,236
6091,236
6168,236
6169,236
6254,236
6985,236
8385,236
8386,236
8467,236
8468,236
8469,236
8530,236
8531,236
8532,236
8533,236
9448,236
9538,236
9539,236
9603,236
10359,236
10360,236
10361,236
12098,236
12129,236
4054,239
2678,240
2785,240
2915,240
2916,240
4187,240
4246,240
4247,240
4248,240
5805,240
7122,240
7123,240
8623,240
10522,240
10523,240
11218,240
11655,240
2678,241
2785,241
2786,241
2787,241
4187,241
4247,241
4248,241
7123,241
8623,241
10522,241
10523,241
6330,242
2638,243
4407,243
4788,243
9855,243
10370,243
12212,243
1676,244
2638,244
4267,244
4407,244
8922,244
9392,244
10370,244
10825,244
4901,245
20,246
394,246
395,246
2030,246
2490,246
2506,246
4901,246
5551,246
20,248
394,248
395,248
2030,248
2490,248
2506,248
5551,248
475,250
538,250
2267,250
2699,250
3154,250
3220,250
3513,250
3559,250
5004,250
5246,250
6449,250
6721,250
6722,250
7914,250
8040,250
8041,250
8249,250
8250,250
9106,250
9330,250
9440,250
10078,250
10080,250
5551,251
475,253
538,253
2267,253
2699,253
3154,253
3220,253
3513,253
3559,253
5004,253
5246,253
6449,253
6721,253
6722,253
8040,253
8041,253
8249,253
8250,253
9106,253
9330,253
9440,253
10078,253
10080,253
475,256
538,256
2267,256
2699,256
3154,256
3220,256
3513,256
3559,256
5004,256
5246,256
6449,256
6721,256
6722,256
8040,256
8041,256
8249,256
8250,256
9106,256
9330,256
9440,256
10078,256
10080,256
3154,257
3220,257
5551,257
475,259
525,259
538,259
2267,259
2699,259
3154,259
3220,259
3513,259
3559,259
4553,259
4554,259
4555,259
5004,259
5246,259
6449,259
6470,259
6721,259
6722,259
8040,259
8041,259
8249,259
8250,259
9106,259
9330,259
9440,259
10078,259
10080,259
11128,259
5551,260
475,262
538,262
2267,262
2699,262
3154,262
3220,262
3513,262
3559,262
5004,262
5246,262
6449,262
6721,262
6722,262
8040,262
8041,262
8249,262
8250,262
9106,262
9330,262
9440,262
10078,262
10080,262
5551,263
20,265
394,265
395,265
2030,265
2490,265
2506,265
5551,265
475,267
538,267
2267,267
2699,267
3154,267
3220,267
3513,267
3559,267
5004,267
5246,267
6449,267
6721,267
6722,267
8040,267
8041,267
8249,267
8250,267
9106,267
9330,267
9440,267
10078,267
10080,267
5551,268
4265,269
1221,270
2931,270
2932,270
2933,270
2970,270
7174,270
7175,270
8420,270
8421,270
8422,270
8423,270
8424,270
8425,270
1221,271
2931,271
2970,271
3019,271
7174,271
7175,271
8419,271
8420,271
8421,271
1221,272
2931,272
2964,272
2970,272
3019,272
7174,272
7175,272
8420,272
1221,273
3019,273
7174,273
7175,273
8421,273
8422,273
1221,274
2931,274
2964,274
2970,274
3019,274
7174,274
7175,274
8420,274
8421,275
4249,279
4250,279
4347,279
4397,279
4518,279
5249,279
5256,279
5648,279
5847,279
5848,279
8572,279
9819,279
10430,279
4249,280
4250,280
5272,280
9819,280
3357,281
2690,282
3159,282
2,283
30,283
343,283
391,283
579,283
625,283
738,283
842,283
1398,283
1399,283
1574,283
2483,283
2569,283
3219,283
3236,283
3248,283
3685,283
3927,283
3928,283
4091,283
4153,283
4334,283
4537,283
4792,283
5820,283
6247,283
6248,283
6903,283
6904,283
6905,283
6986,283
6987,283
6988,283
6989,283
7024,283
9445,283
9446,283
9471,283
9484,283
9749,283
9750,283
10033,283
10034,283
10060,283
10080,283
11317,283
12045,283
12348,283
2,285
30,285
391,285
394,285
395,285
475,285
512,285
579,285
582,285
583,285
587,285
588,285
592,285
593,285
622,285
623,285
625,285
738,285
1398,285
1399,285
1574,285
1940,285
1941,285
2030,285
2487,285
2490,285
2504,285
2505,285
2506,285
3085,285
3086,285
3100,285
3101,285
3219,285
3525,285
4210,285
4481,285
4482,285
4537,285
6247,285
6248,285
6935,285
6937,285
6938,285
7052,285
7053,285
8553,285
8683,285
8684,285
11054,285
2,286
592,286
593,286
625,286
738,286
1398,286
1399,286
2483,286
2484,286
2690,286
3159,286
3430,286
3927,286
3928,286
6935,286
6936,286
6937,286
2,287
30,287
391,287
512,287
513,287
579,287
582,287
583,287
592,287
593,287
622,287
623,287
625,287
738,287
1574,287
1940,287
1941,287
2504,287
2505,287
3219,287
3525,287
4210,287
4481,287
4482,287
4537,287
6938,287
7052,287
7053,287
8553,287
9538,287
9539,287
11054,287
274,288
2,289
28,289
125,289
398,289
614,289
625,289
3236,289
3248,289
3662,289
3685,289
3778,289
3779,289
4091,289
4153,289
4334,289
4577,289
4792,289
4894,289
5023,289
6752,289
6753,289
6903,289
6904,289
6905,289
6986,289
6987,289
6988,289
6989,289
7024,289
9445,289
9446,289
9471,289
9484,289
9660,289
9661,289
9749,289
9750,289
10033,289
10034,289
10080,289
10735,289
10736,289
10737,289
11250,289
11317,289
11895,289
12287,289
12348,289
592,290
593,290
391,292
394,292
395,292
579,292
2030,292
2490,292
2506,292
3100,292
3101,292
2690,293
3159,293
2,294
30,294
391,294
579,294
738,294
1574,294
2569,294
3219,294
4537,294
4792,294
5022,294
5023,294
6247,294
6248,294
6752,294
6753,294
6903,294
6904,294
6905,294
6986,294
6987,294
6988,294
6989,294
7024,294
9445,294
9446,294
9471,294
9484,294
9749,294
9750,294
10033,294
10034,294
2,296
30,296
391,296
394,296
395,296
579,296
582,296
583,296
587,296
588,296
592,296
593,296
622,296
623,296
625,296
738,296
1940,296
1941,296
2030,296
2490,296
2504,296
2505,296
2506,296
3100,296
3101,296
3219,296
3525,296
4481,296
4482,296
7052,296
7053,296
11054,296
2814,297
2814,298
6141,298
2814,299
6141,299
2660,301
3146,301
4073,301
7344,301
7415,301
8313,301
8353,301
8354,301
8355,301
8935,301
10310,301
2529,303
2660,303
3119,303
3210,303
4073,303
4077,303
4392,303
4715,303
6973,303
7343,303
7344,303
7392,303
7415,303
8235,303
8740,303
8742,303
8935,303
10238,303
10310,303
10312,303
10969,303
11006,303
4715,304
2660,306
3146,306
3210,306
4046,306
4073,306
4076,306
4715,306
6973,306
7344,306
7415,306
8353,306
8354,306
8355,306
8935,306
11006,306
2663,307
2667,307
3119,307
4046,307
4076,307
4715,307
6837,307
7343,307
7344,307
8673,307
8742,307
8935,307
10238,307
10969,307
11382,307
2529,308
2572,308
2663,308
2667,308
3119,308
4046,308
4076,308
4097,308
4715,308
7343,308
7344,308
7392,308
8235,308
8673,308
8740,308
8742,308
8935,308
10310,308
10969,308
11006,308
2529,309
2572,309
2660,309
2663,309
2667,309
3119,309
4046,309
4076,309
4097,309
4715,309
6973,309
7343,309
7344,309
7392,309
8235,309
8673,309
8680,309
8740,309
8742,309
8935,309
10310,309
10969,309
11006,309
11382,309
467,310
685,310
5449,310
685,311
5449,311
4462,312
252,313
313,313
7430,313
7901,313
7902,313
11356,313
11357,313
11358,313
11359,313
2865,314
110,315
1556,315
1607,315
1615,315
2571,315
4056,315
4110,315
110,316
1541,316
1615,316
2571,316
4056,316
4110,316
6191,316
110,317
2571,317
4056,317
4461,317
6191,317
110,318
1556,318
1615,318
1914,318
1915,318
1916,318
2571,318
4056,318
6832,318
604,319
1405,319
1695,319
2965,319
9789,319
10320,319
604,320
737,320
963,320
1405,320
2752,320
2965,320
6677,320
9789,320
10320,320
61,321
737,321
824,321
963,321
1165,321
2752,321
2965,321
6677,321
11209,321
11531,321
11580,321
12174,321
12278,321
4461,322
4532,323
4532,324
4315,325
2877,326
3277,326
4257,326
4617,326
5754,326
7933,326
8803,326
8946,326
8976,326
9140,326
9144,326
9151,326
9154,326
9637,326
10515,326
10758,326
10873,326
10874,326
10907,326
11188,326
11256,326
11440,326
11523,326
11634,326
11635,326
11739,326
11805,326
11816,326
11910,326
11911,326
11925,326
12058,326
12270,326
11822,327
12058,327
3277,328
4257,328
4874,328
8803,328
8976,328
9140,328
9147,328
9148,328
9149,328
9150,328
9151,328
10515,328
10727,328
10758,328
10877,328
10878,328
10879,328
10880,328
10881,328
10882,328
10883,328
10884,328
10885,328
10888,328
10889,328
11188,328
11256,328
11440,328
11519,328
11521,328
11523,328
11805,328
11908,328
11909,328
11910,328
11911,328
11912,328
11913,328
11914,328
11918,328
11919,328
11920,328
11921,328
11923,328
11924,328
11925,328
11927,328
11930,328
11931,328
11934,328
3277,329
4216,329
4257,329
8803,329
9140,329
9705,329
10515,329
10758,329
11188,329
11256,329
11440,329
11805,329
5107,331
2585,333
3142,333
11497,334
11498,334
1005,336
1054,336
1055,336
3664,336
3665,336
5211,336
5361,336
5638,336
5639,336
5640,336
5641,336
7088,336
7089,336
7090,336
9408,336
9410,336
110,339
943,339
1541,339
1615,339
2019,339
2022,339
2215,339
2245,339
2350,339
2427,339
2571,339
3028,339
3744,339
3916,339
3917,339
4056,339
4461,339
4519,339
4546,339
6140,339
6302,339
7038,339
7076,339
7356,339
8332,339
8729,339
9216,339
9217,339
9241,339
9373,339
9584,339
9946,339
9947,339
10177,339
10178,339
10179,339
10180,339
10182,339
10183,339
10187,339
10188,339
10780,339
11517,339
11615,339
11632,339
11701,339
11703,339
12037,339
12065,339
12068,339
110,340
142,340
1005,340
1016,340
1312,340
1541,340
1556,340
1562,340
1607,340
1615,340
1656,340
1914,340
1915,340
1916,340
1931,340
1977,340
1985,340
2208,340
2210,340
2571,340
4032,340
4056,340
4128,340
4461,340
4527,340
4546,340
6191,340
6832,340
6939,340
6940,340
6941,340
6942,340
6943,340
7728,340
8694,340
8695,340
8718,340
9723,340
9768,340
10092,340
10094,340
10174,340
10175,340
10177,340
10178,340
10184,340
10185,340
10189,340
10190,340
11700,340
110,341
1541,341
1607,341
4056,341
4110,341
5884,341
5897,341
8465,341
110,342
142,342
145,342
526,342
527,342
580,342
646,342
722,342
960,342
1022,342
1361,342
1556,342
1575,342
1604,342
1607,342
1615,342
1971,342
2159,342
2243,342
2884,342
3047,342
3144,342
3437,342
3797,342
3891,342
4462,342
4530,342
5162,342
5700,342
5760,342
5894,342
6140,342
6191,342
6198,342
7303,342
7728,342
7729,342
8225,342
8625,342
8626,342
9373,342
9423,342
9424,342
9718,342
9719,342
10118,342
10119,342
11360,342
11361,342
11362,342
322,347
802,347
1676,347
2638,347
2840,347
3292,347
3393,347
3399,347
4257,347
4277,347
4315,347
4407,347
4626,347
4788,347
4874,347
4930,347
5327,347
5355,347
5822,347
6508,347
6838,347
6957,347
7135,347
7433,347
8870,347
9357,347
9380,347
9406,347
9407,347
9702,347
9820,347
9910,347
9975,347
10011,347
10019,347
11181,347
11324,347
11803,347
11804,347
12182,347
12354,347
12182,348
2923,350
7908,351
7909,351
2620,352
598,353
6265,353
10763,353
10764,353
2620,354
1378,355
2620,355
10772,355
10776,355
4104,356
392,357
414,357
835,357
1528,357
1608,357
1653,357
1691,357
1747,357
1950,357
2355,357
2924,357
3335,357
3499,357
3595,357
4104,357
4144,357
4195,357
4358,357
4461,357
4594,357
4623,357
5459,357
5469,357
5607,357
7474,357
7585,357
10337,357
11235,357
392,358
1528,358
1959,358
2055,358
4104,358
9197,358
9634,358
9774,358
4104,359
4104,360
4358,360
598,364
4566,364
5801,364
6265,364
7673,364
6265,365
3595,366
4144,366
4461,366
4623,366
7474,366
7585,366
2620,367
2620,368
2850,368
2983,368
2984,368
3007,368
3293,368
3336,368
3640,368
3643,368
3644,368
4566,368
4834,368
6127,368
6391,368
8508,368
1829,369
2703,369
3751,369
3889,369
4681,369
6829,369
6833,369
6836,369
6864,369
8009,369
9452,369
1829,370
7631,370
7632,370
10510,370
10573,370
291,371
4698,371
4740,371
6159,371
7162,371
7271,371
8009,371
8977,371
8978,371
8979,371
11328,371
684,372
967,372
979,372
1113,372
1128,372
1147,372
1160,372
1187,372
1247,372
1414,372
1438,372
1570,372
1572,372
1829,372
2352,372
5389,372
5563,372
5567,372
6159,372
6798,372
7162,372
7204,372
7271,372
7316,372
7317,372
7631,372
7632,372
8065,372
8066,372
8067,372
8068,372
8069,372
8070,372
8071,372
8072,372
8073,372
8074,372
8075,372
8587,372
9121,372
9143,372
10176,372
10510,372
10572,372
10573,372
10575,372
10659,372
598,374
1377,374
1378,374
2620,374
4566,374
6265,374
7673,374
1377,375
2620,375
3643,375
3644,375
5835,375
6265,375
7742,375
10966,375
10967,375
10968,375
10974,375
10975,375
1376,377
10056,377
6181,378
2422,379
3176,380
805,381
806,381
1058,381
1059,381
1070,381
1115,381
1116,381
1251,381
1474,381
4255,381
4256,381
4399,381
4449,381
4615,381
4640,381
4664,381
4692,381
4693,381
5038,381
5049,381
5050,381
5179,381
5186,381
5209,381
5213,381
5382,381
5406,381
5415,381
5439,381
5440,381
5441,381
5636,381
5775,381
6008,381
6009,381
6767,381
7298,381
7501,381
7594,381
7630,381
7679,381
8409,381
8499,381
8987,381
9183,381
9184,381
11459,381
11556,381
12063,381
12286,381
1558,382
1964,382
5415,382
5775,382
5906,382
1538,383
1558,383
1964,383
2594,383
2595,383
4177,383
4251,383
4255,383
5245,383
5560,383
6427,383
6730,383
6731,383
6732,383
6733,383
7765,383
9440,383
9969,383
11158,383
11201,383
4257,385
4277,385
4315,385
4788,385
4874,385
9207,385
9406,385
9407,385
10019,385
10036,385
2705,386
2851,386
2871,386
5250,386
6900,386
10897,386
4192,389
1881,390
3788,390
6532,390
6533,390
7299,390
7300,390
7304,390
9264,390
9753,390
8616,391
8617,391
8616,392
8617,392
7908,393
7909,393
9425,393
9426,393
9427,393
9428,393
9430,393
9431,393
9432,393
9434,393
9435,393
11841,393
11842,393
12242,393
12243,393
12244,393
12245,393
12246,393
12247,393
12249,393
12250,393
12251,393
12252,393
12253,393
12254,393
5354,394
1298,395
1464,395
2307,395
2316,395
2317,395
2909,395
3203,395
3768,395
4673,395
4674,395
5862,395
5863,395
5998,395
6010,395
6151,395
6526,395
6527,395
7256,395
7573,395
7574,395
7575,395
7576,395
7577,395
7578,395
7579,395
7580,395
8025,395
8026,395
8027,395
8028,395
8029,395
8030,395
8031,395
8032,395
8033,395
8034,395
8554,395
8616,395
8617,395
8948,395
8949,395
8950,395
8951,395
8952,395
8953,395
8954,395
8955,395
9805,395
11617,395
11666,395
341,396
349,396
1005,396
1078,396
1263,396
1433,396
1978,396
2875,396
3236,396
3287,396
3664,396
3665,396
4436,396
4530,396
4546,396
4915,396
4916,396
5211,396
5513,396
5653,396
5852,396
6109,396
6223,396
6225,396
6251,396
6252,396
6350,396
7022,396
7031,396
7287,396
7291,396
8091,396
9046,396
9083,396
9084,396
9220,396
9373,396
9409,396
9411,396
9945,396
9948,396
10382,396
10384,396
10733,396
10829,396
11113,396
11491,396
11599,396
11996,396
12176,396
375,397
553,397
772,397
1089,397
1220,397
1316,397
1380,397
1381,397
1432,397
1434,397
1436,397
2289,397
2290,397
3203,397
3208,397
3613,397
3816,397
3855,397
5019,397
5756,397
5891,397
5892,397
5948,397
6151,397
6373,397
6996,397
7563,397
7564,397
7950,397
7951,397
7952,397
7953,397
7954,397
7955,397
7956,397
7957,397
7958,397
7959,397
9411,397
9425,397
9426,397
9430,397
9436,397
9444,397
9499,397
10084,397
10087,397
10625,397
10626,397
10733,397
1227,398
1298,398
1465,398
1466,398
1702,398
1703,398
2316,398
2317,398
2909,398
4444,398
4673,398
4674,398
5225,398
5862,398
5863,398
5949,398
6480,398
6526,398
6527,398
6593,398
6594,398
7231,398
7256,398
7574,398
7577,398
7579,398
8025,398
8026,398
8027,398
8028,398
8029,398
8030,398
8031,398
8032,398
8033,398
8034,398
8616,398
8617,398
8948,398
8950,398
8951,398
8952,398
8955,398
9277,398
9805,398
11476,398
11617,398
11666,398
11667,398
11686,398
341,399
349,399
633,399
727,399
773,399
860,399
1081,399
1433,399
1577,399
1978,399
2043,399
2044,399
2371,399
3664,399
3665,399
4003,399
4161,399
4546,399
5852,399
6350,399
7022,399
7287,399
7288,399
7289,399
7291,399
7292,399
9047,399
9050,399
9051,399
9083,399
9084,399
9220,399
9409,399
9653,399
9945,399
9948,399
10382,399
10383,399
10385,399
11076,399
11113,399
11491,399
11599,399
11600,399
11839,399
12175,399
12176,399
12225,399
12226,399
12338,399
4204,400
39,401
209,401
375,401
554,401
565,401
772,401
1089,401
1220,401
1432,401
1434,401
1436,401
2283,401
2284,401
2285,401
2288,401
2290,401
2616,401
3208,401
3610,401
3613,401
3624,401
3855,401
4005,401
4161,401
5015,401
5019,401
5020,401
5084,401
5756,401
5948,401
6373,401
6554,401
6996,401
7563,401
7564,401
8181,401
9411,401
9425,401
9426,401
9430,401
9436,401
9444,401
9499,401
9848,401
10084,401
10087,401
10734,401
10948,401
12116,401
12117,401
1530,402
778,403
779,403
780,403
2093,403
3059,403
3060,403
3061,403
3402,403
3419,403
3795,403
3879,403
3896,403
5044,403
5045,403
5046,403
5047,403
5493,403
5608,403
8829,403
9575,403
10502,404
10661,404
10665,404
9907,405
9953,405
10322,405
10502,405
10661,405
10665,405
4532,409
4532,410
10875,411
4472,413
4571,413
5861,413
10369,413
10369,415
6861,419
1924,420
1924,422
2162,424
2211,424
6835,424
7129,424
7217,424
9235,424
9252,424
9713,424
2212,425
2219,425
2239,425
2250,425
3237,425
5876,425
6844,425
7128,425
7132,425
4167,428
4644,428
5391,428
4644,429
10379,429
4167,430
4644,430
4682,430
4683,430
4684,430
4685,430
4167,432
4644,432
4682,432
4683,432
4684,432
4685,432
4167,433
4644,433
4682,433
4683,433
4684,433
4685,433
4167,434
4644,434
4682,434
4683,434
4684,434
4685,434
4644,435
10379,435
4644,436
4682,436
4683,436
4684,436
4685,436
4682,437
4683,437
4684,437
4685,437
4644,438
4682,438
4683,438
4684,438
4685,438
4644,439
4682,439
4683,439
4684,439
4685,439
6642,440
10230,440
6642,441
6642,442
10230,442
5314,443
4292,444
6682,444
9161,444
9162,444
4644,445
4682,445
4683,445
4684,445
4685,445
130,446
1645,446
4370,446
5147,446
5586,446
5594,446
5595,446
5807,446
5808,446
6361,446
8358,446
10002,446
10408,446
10409,446
10411,446
130,447
325,447
799,447
2322,447
2372,447
2671,447
5061,447
5594,447
5595,447
6062,447
8179,447
8273,447
8274,447
8275,447
130,449
1645,449
4370,449
5147,449
5586,449
5594,449
5595,449
5807,449
5808,449
6361,449
8358,449
10002,449
10408,449
10409,449
10411,449
325,450
799,450
2322,450
2671,450
5594,450
5595,450
6062,450
8179,450
8273,450
8274,450
8275,450
2540,452
2541,452
3582,452
5233,452
6682,452
8808,452
9161,452
9162,452
12316,452
12334,452
12335,452
3676,455
5451,455
6408,455
8784,455
9080,455
476,457
477,457
714,457
715,457
776,457
777,457
911,457
912,457
1098,457
2195,457
2196,457
2197,457
2198,457
2199,457
2200,457
3882,457
6408,457
7239,457
7357,457
8784,457
9035,457
9080,457
9081,457
9082,457
10226,457
10741,457
366,461
1594,461
1883,461
1884,461
2076,461
2077,461
2078,461
2079,461
2432,461
2459,461
3057,461
3285,461
4257,461
4281,461
4713,461
4788,461
5016,461
6505,461
6507,461
6508,461
8669,461
8872,461
8926,461
9056,461
9139,461
9156,461
9157,461
9180,461
9207,461
9356,461
9386,461
9405,461
9655,461
9927,461
10758,461
10786,461
10787,461
10788,461
10789,461
10790,461
10791,461
11220,461
11246,461
11791,461
11792,461
11800,461
12220,461
12221,461
12329,461
12330,461
9405,462
366,463
1594,463
2432,463
2638,463
3285,463
4257,463
4277,463
4315,463
4403,463
4788,463
4814,463
4874,463
6089,463
6136,463
6505,463
6507,463
6508,463
8870,463
8872,463
8926,463
9156,463
9157,463
9207,463
9356,463
9386,463
9405,463
9406,463
9407,463
9855,463
9927,463
10370,463
10791,463
11255,463
11563,463
11586,463
11616,463
11729,463
11792,463
11800,463
12220,463
12315,463
12329,463
12330,463
9405,464
2432,465
2638,465
4216,465
4257,465
4277,465
4315,465
4403,465
4407,465
4788,465
4814,465
4874,465
4878,465
5352,465
6505,465
6507,465
6508,465
6957,465
9207,465
9356,465
9386,465
9401,465
9405,465
9406,465
9407,465
10019,465
10370,465
10791,465
11792,465
11800,465
4788,466
9855,466
4257,467
4788,467
6957,467
8922,467
9820,467
9855,467
11433,467
2469,468
6477,468
6562,468
2628,469
4581,469
4597,469
5602,469
6025,469
7176,469
8080,469
8081,469
2420,470
2422,470
2423,470
3680,470
4131,470
4132,470
4137,470
4491,470
2235,471
2236,471
4032,471
5841,471
7285,471
11026,471
10887,472
10887,473
1840,474
9585,474
10887,474
4354,475
4355,475
9592,475
5164,476
5165,476
5166,476
5167,476
7184,478
50,479
85,479
111,479
113,479
250,479
388,479
569,479
585,479
595,479
600,479
1011,479
1307,479
1651,479
1951,479
2319,479
2492,479
2511,479
2513,479
2898,479
3486,479
3596,479
3648,479
4235,479
4828,479
5371,479
6395,479
6535,479
6563,479
7185,479
7199,479
7389,479
7390,479
9234,479
4131,480
8831,480
4104,483
1174,484
1771,484
3127,484
3149,484
3190,484
3191,484
3192,484
3193,484
4485,484
4486,484
4489,484
4490,484
4937,484
5500,484
6683,484
6684,484
6685,484
6694,484
6775,484
6795,484
6817,484
6978,484
8862,484
8863,484
8864,484
8867,484
8974,484
8975,484
10127,484
10743,484
10794,484
11204,484
11447,484
11837,484
12256,484
8975,485
10127,485
3054,486
4032,486
10887,486
10941,486
2235,490
2236,490
4032,490
4487,490
4839,490
4910,490
5933,490
10941,490
11026,490
3292,491
6376,491
6492,491
7283,491
8159,491
9535,491
9701,491
9855,491
9975,491
12262,491
4239,492
7888,492
4496,493
4497,493
4498,493
5127,493
7510,493
7512,493
11117,493
4530,495
6442,495
9498,495
4239,498
11707,500
1145,502
1349,502
2096,502
10912,504
1714,505
1858,505
10912,505
10912,508
10912,509
10206,511
4104,513
4358,513
4104,514
4358,514
825,515
4104,519
1959,520
4104,520
4358,520
4388,520
1959,522
4104,522
4358,522
10337,522
4104,523
1676,524
2395,524
2638,524
3563,524
4257,524
4277,524
4315,524
4407,524
4874,524
6957,524
7570,524
7988,524
9207,524
9401,524
9405,524
9406,524
9407,524
9534,524
9535,524
9855,524
9999,524
10019,524
10036,524
10370,524
10825,524
3563,525
4257,525
9855,525
9975,525
4358,526
4301,528
1676,529
2638,529
4216,529
4257,529
4277,529
4315,529
4788,529
4874,529
5352,529
6957,529
9406,529
9407,529
10370,529
8651,530
11699,530
11748,530
4277,531
4315,531
4788,531
4874,531
6508,531
9406,531
9407,531
4257,532
1676,533
2395,533
4257,533
4315,533
4788,533
8669,533
9405,533
9855,533
9975,533
10370,533
10825,533
12182,533
12354,533
1441,534
1583,534
2138,534
2432,534
3414,534
4267,534
4867,534
6105,534
6873,534
6957,534
8922,534
9261,534
9392,534
9401,534
9402,534
9535,534
9855,534
10019,534
10036,534
10662,534
10663,534
11133,534
11224,534
11897,534
12139,534
11087,536
4874,537
11087,537
9622,538
9623,538
12009,538
12009,539
12009,540
4257,541
4788,541
4874,541
9406,541
9407,541
4257,542
4788,542
4874,542
9406,542
9407,542
542,543
1676,543
2395,543
4257,543
4315,543
4585,543
9405,543
9855,543
9975,543
10370,543
10825,543
10826,543
11238,543
12139,543
1246,545
2149,545
2150,545
2151,545
2152,545
2153,545
2154,545
5488,545
6755,545
10003,545
50,546
85,546
111,546
113,546
250,546
388,546
569,546
585,546
595,546
600,546
1011,546
1307,546
1651,546
1951,546
2319,546
2492,546
2511,546
2513,546
2898,546
3486,546
3596,546
3648,546
4235,546
4828,546
5371,546
6395,546
6563,546
7185,546
7199,546
7389,546
7390,546
9234,546
1749,547
1750,547
65,548
998,548
1021,548
1025,548
1186,548
1321,548
1413,548
1442,548
1749,548
2097,548
2155,548
3098,548
4078,548
4143,548
5363,548
5668,548
6030,548
6483,548
7083,548
7084,548
7085,548
7203,548
7408,548
8019,548
8020,548
8021,548
8107,548
8108,548
8110,548
8111,548
9054,548
9994,548
11083,548
11173,548
11282,548
11283,548
11284,548
11402,548
11403,548
11561,548
11573,548
11582,548
11668,548
11671,548
11753,548
11900,548
11926,548
12169,548
12188,548
12293,548
1180,549
766,550
998,550
1021,550
1025,550
1131,550
1186,550
1297,550
1321,550
1413,550
1442,550
1891,550
2097,550
2124,550
2155,550
3098,550
4143,550
5363,550
5598,550
5599,550
5668,550
5823,550
5917,550
6030,550
6483,550
7083,550
7085,550
7203,550
7329,550
7330,550
8019,550
8020,550
8021,550
8107,550
8108,550
8109,550
8110,550
8111,550
9054,550
9994,550
11083,550
11283,550
11284,550
11561,550
11582,550
11668,550
11671,550
11900,550
12169,550
12188,550
12293,550
93,551
671,551
1408,551
4044,551
5058,551
5774,551
10452,551
93,552
1408,552
1534,554
1542,554
2777,556
4751,558
7184,558
1729,559
2240,559
3657,559
7261,559
7262,559
189,560
193,560
837,560
2095,560
4846,560
6129,560
7934,560
7935,560
7936,560
7937,560
7938,560
7939,560
7940,560
7941,560
7942,560
7943,560
7944,560
7945,560
7946,560
7947,560
7948,560
7966,560
7967,560
7968,560
7969,560
7970,560
7971,560
7972,560
7973,560
7974,560
7975,560
7976,560
8426,560
8431,560
8432,560
8433,560
8434,560
8435,560
8441,560
9869,560
9870,560
9871,560
9872,560
10633,560
10634,560
10637,560
10638,560
10639,560
11537,560
11538,560
823,561
962,561
1026,561
1392,561
2547,561
3425,561
3591,561
3619,561
5220,561
5222,561
5223,561
5271,561
5349,561
6481,561
6627,561
6628,561
6705,561
6706,561
10669,561
10670,561
10671,561
10672,561
10673,561
10674,561
10675,561
10676,561
10677,561
10678,561
10679,561
10680,561
10681,561
10682,561
10683,561
10684,561
10685,561
10686,561
10687,561
10688,561
10689,561
10690,561
10691,561
10692,561
10693,561
10694,561
10695,561
10696,561
10697,561
10698,561
10700,561
10701,561
189,562
193,562
6129,562
8436,562
9462,562
9469,562
9781,562
11307,562
189,563
193,563
2095,563
4846,563
6129,563
7934,563
7935,563
7936,563
7937,563
7938,563
7939,563
7940,563
7941,563
7942,563
7943,563
7944,563
7945,563
7946,563
7947,563
7948,563
7966,563
7967,563
7968,563
7969,563
7970,563
7971,563
7972,563
7973,563
7974,563
7975,563
7976,563
8426,563
8431,563
8432,563
8433,563
8434,563
8435,563
8441,563
9869,563
9870,563
9871,563
9872,563
10152,563
10633,563
10634,563
10637,563
10638,563
10639,563
11537,563
11538,563
189,564
193,564
6129,564
8436,564
189,565
193,565
4846,565
8426,565
8427,565
8428,565
8429,565
8430,565
8431,565
8432,565
8433,565
8434,565
8435,565
8436,565
8437,565
8438,565
8439,565
8440,565
8441,565
8442,565
10149,565
10152,565
10153,565
11537,565
11538,565
189,566
193,566
6129,566
8436,566
189,567
193,567
4846,567
8426,567
8427,567
8428,567
8429,567
8430,567
8431,567
8432,567
8433,567
8434,567
8435,567
8436,567
8437,567
8438,567
8439,567
8440,567
8441,567
8442,567
10149,567
10152,567
10153,567
11537,567
11538,567
9522,568
4070,569
9462,569
9469,569
9462,570
9469,570
9522,570
9781,570
11307,570
1599,571
4222,571
9441,571
9442,571
9464,571
9514,571
9522,571
9540,571
10082,571
10258,571
10259,571
10605,571
4222,573
9522,573
174,574
689,574
1628,574
1654,574
1661,574
1711,574
2545,574
2546,574
3167,574
4222,574
4437,574
4447,574
4509,574
4510,574
4607,574
4902,574
6964,574
6965,574
6966,574
9522,574
9559,574
9560,574
9597,574
9598,574
9603,574
9885,574
10147,574
10148,574
10198,574
10517,574
10759,574
1599,575
4222,575
9441,575
9442,575
9464,575
9514,575
9522,575
9540,575
10082,575
10258,575
10259,575
10442,575
10775,575
174,577
689,577
1628,577
1654,577
1711,577
2545,577
2546,577
3167,577
4222,577
4509,577
4510,577
6964,577
6965,577
6966,577
9443,577
9522,577
9559,577
9560,577
9603,577
9885,577
10063,577
10147,577
10148,577
10198,577
10517,577
10759,577
1711,578
3167,578
6964,578
6965,578
6966,578
9522,578
1599,579
1661,579
1711,579
9441,579
9442,579
9464,579
9514,579
9540,579
9963,579
10082,579
10258,579
10259,579
4070,580
5017,580
7269,580
9462,580
9602,580
9794,580
9795,580
9796,580
9797,580
9798,580
11253,580
12368,580
9522,581
4070,582
9462,582
9522,583
4070,584
9462,584
11252,584
11253,584
9522,585
1599,586
1661,586
1711,586
9441,586
9442,586
9464,586
9514,586
9540,586
9963,586
10082,586
10258,586
10259,586
1711,587
4222,587
9464,587
10147,587
10148,587
9462,588
9469,588
9781,588
11307,588
179,589
902,589
2118,589
2860,589
4235,589
6209,589
10963,589
179,590
902,590
2118,590
2860,590
4235,590
6209,590
10963,590
111,591
252,591
399,591
595,591
610,591
630,591
648,591
868,591
869,591
870,591
871,591
937,591
974,591
1310,591
1319,591
1337,591
1339,591
1467,591
1478,591
1951,591
1957,591
1958,591
1976,591
2121,591
2466,591
2963,591
3027,591
3038,591
3486,591
3648,591
3899,591
3937,591
4235,591
5828,591
6845,591
6925,591
7185,591
7246,591
7260,591
8120,591
8121,591
9367,591
9369,591
9391,591
9476,591
10497,591
10652,591
11567,591
11568,591
12088,591
111,592
150,592
167,592
179,592
252,592
275,592
460,592
611,592
902,592
1658,592
1748,592
1951,592
1976,592
2118,592
2513,592
2521,592
2860,592
3249,592
3250,592
3648,592
4235,592
6209,592
7185,592
8834,592
9234,592
10101,592
10963,592
11614,592
72,593
85,593
111,593
250,593
399,593
482,593
585,593
595,593
610,593
630,593
686,593
724,593
816,593
938,593
1011,593
1222,593
1327,593
1478,593
1483,593
1658,593
1748,593
1951,593
1957,593
1958,593
2319,593
2466,593
2475,593
2482,593
2492,593
2513,593
2623,593
2650,593
2963,593
3125,593
3238,593
3804,593
4235,593
4461,593
4828,593
6395,593
6492,593
6563,593
7185,593
7199,593
9476,593
9535,593
11565,593
11845,593
11868,593
72,594
111,594
252,594
399,594
461,594
462,594
595,594
610,594
630,594
648,594
650,594
677,594
902,594
974,594
1446,594
1454,594
1467,594
1478,594
1951,594
1957,594
1958,594
2118,594
2466,594
2492,594
2511,594
2513,594
2560,594
2563,594
2623,594
2650,594
2963,594
3648,594
4235,594
4828,594
5524,594
5525,594
5550,594
5938,594
5990,594
5992,594
6031,594
6064,594
6492,594
7185,594
8120,594
8121,594
9234,594
9476,594
10963,594
11568,594
50,595
75,595
85,595
111,595
113,595
252,595
275,595
388,595
595,595
600,595
630,595
724,595
816,595
868,595
869,595
870,595
871,595
1222,595
1307,595
1327,595
1478,595
1483,595
1951,595
1976,595
2466,595
2492,595
2511,595
2513,595
2560,595
2623,595
2898,595
2963,595
3125,595
3238,595
3486,595
3648,595
3804,595
4235,595
4828,595
5550,595
6395,595
6401,595
6492,595
7185,595
9234,595
9391,595
9476,595
11565,595
11845,595
11868,595
399,596
461,596
462,596
610,596
974,596
1339,596
1394,596
1446,596
1454,596
1467,596
1957,596
1958,596
1976,596
2121,596
2166,596
2728,596
3264,596
3999,596
5524,596
5525,596
5938,596
5990,596
6022,596
6028,596
6031,596
6064,596
6072,596
6167,596
6211,596
6256,596
7001,596
7003,596
7451,596
7452,596
7453,596
7454,596
8511,596
8513,596
8514,596
8515,596
8516,596
8519,596
8520,596
8521,596
8691,596
8692,596
9391,596
11567,596
11568,596
12140,596
50,597
4235,597
10927,597
399,598
461,598
462,598
610,598
1339,598
1446,598
1454,598
1467,598
1957,598
1958,598
1976,598
2166,598
2728,598
3264,598
3648,598
3999,598
5524,598
5525,598
5786,598
5938,598
5990,598
6021,598
6022,598
6031,598
6064,598
6167,598
6211,598
6256,598
7001,598
7003,598
7004,598
7449,598
7450,598
7451,598
7452,598
7453,598
7454,598
8513,598
8516,598
8517,598
8519,598
8520,598
8521,598
8581,598
8582,598
8583,598
8584,598
8585,598
9391,598
11568,598
2513,599
4235,599
72,600
111,600
150,600
179,600
252,600
275,600
523,600
595,600
611,600
648,600
665,600
686,600
816,600
868,600
869,600
870,600
871,600
902,600
974,600
1222,600
1307,600
1320,600
1478,600
2118,600
2466,600
2492,600
2511,600
2521,600
2623,600
2860,600
2963,600
3249,600
3250,600
3804,600
4235,600
4461,600
5533,600
5828,600
5829,600
6209,600
6492,600
7185,600
9391,600
9476,600
9535,600
10101,600
10963,600
2513,601
4235,601
1701,602
3648,602
3650,602
5786,602
6021,602
6022,602
6024,602
6028,602
6067,602
6068,602
6069,602
6070,602
6072,602
6116,602
6117,602
6118,602
6211,602
6256,602
6308,602
7001,602
7003,602
7004,602
7449,602
7450,602
7451,602
7452,602
7453,602
7454,602
7802,602
8511,602
8512,602
8513,602
8514,602
8515,602
8516,602
8517,602
8518,602
8519,602
8520,602
8521,602
8581,602
8582,602
8583,602
8584,602
8585,602
8691,602
8692,602
8693,602
9190,602
12140,602
72,603
111,603
252,603
399,603
482,603
595,603
610,603
868,603
869,603
870,603
871,603
902,603
1478,603
1924,603
1929,603
1951,603
1957,603
1958,603
1976,603
2118,603
2466,603
2492,603
2511,603
2513,603
2560,603
2563,603
2623,603
2650,603
2674,603
2860,603
2963,603
3648,603
3999,603
4235,603
4828,603
5069,603
5465,603
5550,603
5665,603
5828,603
5851,603
5992,603
6395,603
6492,603
6668,603
7185,603
7760,603
9234,603
9476,603
10963,603
2513,604
4235,604
72,605
108,605
252,605
388,605
399,605
595,605
600,605
610,605
648,605
868,605
869,605
870,605
871,605
974,605
1951,605
1957,605
1958,605
2118,605
2466,605
2492,605
2511,605
2513,605
2560,605
2563,605
2623,605
2650,605
2963,605
3486,605
3648,605
3935,605
3936,605
4235,605
4828,605
5350,605
5351,605
5550,605
5665,605
5992,605
6101,605
6102,605
6395,605
6452,605
6453,605
6492,605
6668,605
7138,605
7185,605
9234,605
9476,605
10666,605
85,606
111,606
585,606
595,606
677,606
891,606
905,606
913,606
961,606
1067,606
1231,606
1296,606
1488,606
1951,606
2081,606
2492,606
2513,606
2740,606
2937,606
3416,606
3766,606
3786,606
4235,606
5632,606
5941,606
5955,606
6210,606
6277,606
6358,606
6383,606
6384,606
7185,606
7766,606
2513,607
4235,607
72,608
108,608
111,608
252,608
388,608
399,608
595,608
600,608
610,608
630,608
648,608
868,608
869,608
870,608
871,608
1951,608
1957,608
1958,608
1976,608
2118,608
2466,608
2492,608
2511,608
2513,608
2560,608
2563,608
2623,608
2650,608
2963,608
3486,608
3648,608
3935,608
3936,608
4235,608
4828,608
5350,608
5351,608
5550,608
5992,608
6101,608
6102,608
6395,608
6452,608
6453,608
6668,608
7138,608
7185,608
7597,608
9234,608
9476,608
85,609
111,609
585,609
595,609
677,609
891,609
905,609
913,609
961,609
1067,609
1231,609
1296,609
1488,609
1951,609
2081,609
2492,609
2513,609
2740,609
2937,609
3416,609
3766,609
3786,609
4235,609
5632,609
5941,609
5955,609
6210,609
6277,609
6358,609
6383,609
6384,609
7185,609
7766,609
4235,610
72,611
111,611
113,611
252,611
339,611
388,611
399,611
482,611
595,611
600,611
610,611
648,611
650,611
868,611
869,611
870,611
871,611
902,611
974,611
1217,611
1658,611
1748,611
1951,611
1957,611
1958,611
1976,611
2118,611
2466,611
2492,611
2511,611
2513,611
2560,611
2563,611
2623,611
2650,611
2860,611
2963,611
3486,611
3596,611
3648,611
4235,611
4828,611
5550,611
5992,611
6395,611
6492,611
7185,611
9234,611
9476,611
10963,611
111,612
252,612
399,612
461,612
462,612
595,612
610,612
630,612
648,612
677,612
868,612
869,612
870,612
871,612
974,612
1446,612
1454,612
1951,612
1957,612
1958,612
1976,612
2466,612
2492,612
2513,612
2560,612
2563,612
2963,612
3082,612
3486,612
3648,612
4235,612
4828,612
5524,612
5525,612
5550,612
5605,612
5938,612
5990,612
5992,612
6031,612
6064,612
6395,612
6492,612
7185,612
8120,612
8121,612
9234,612
9391,612
9476,612
11461,612
4235,613
179,614
902,614
2118,614
2860,614
4235,614
6209,614
10963,614
252,615
399,615
584,615
595,615
610,615
648,615
937,615
974,615
1300,615
1310,615
1319,615
1337,615
1339,615
1467,615
1478,615
1951,615
1957,615
1958,615
1976,615
2121,615
2466,615
2676,615
2701,615
2963,615
3027,615
3038,615
3486,615
3607,615
3648,615
3937,615
4426,615
5828,615
5934,615
6011,615
6167,615
6535,615
6925,615
7246,615
7260,615
7925,615
9367,615
9369,615
9476,615
9659,615
9940,615
9941,615
9942,615
11567,615
11568,615
12088,615
85,616
111,616
250,616
585,616
595,616
957,616
1951,616
2319,616
2492,616
2511,616
2513,616
2898,616
3648,616
4235,616
4606,616
6395,616
6563,616
7185,616
7199,616
538,617
629,617
9498,617
220,619
249,619
378,619
2575,619
2633,619
2759,619
3152,619
4336,619
4539,619
5520,619
5521,619
5522,619
6234,619
6286,619
7572,619
10072,619
10073,619
10349,619
10404,619
10565,619
10566,619
2575,620
3152,620
2575,621
2633,621
3152,621
4336,621
2759,622
5520,622
2575,624
3152,624
3642,624
249,625
378,625
2575,625
3152,625
4237,625
6038,625
6096,625
6286,625
2633,626
2575,627
3152,627
3642,627
85,628
113,628
250,628
388,628
569,628
585,628
595,628
600,628
1011,628
1651,628
1951,628
2319,628
2492,628
2511,628
2513,628
2898,628
3648,628
4235,628
4828,628
5371,628
6395,628
6563,628
7185,628
7199,628
7389,628
7390,628
9234,628
11702,629
7715,631
1642,633
3609,633
237,634
1930,634
4747,634
4922,634
6972,634
9071,634
10085,634
10086,634
10089,634
10304,634
10565,634
10566,634
11496,634
11502,634
11639,634
11640,634
12085,634
11496,635
2563,636
2747,636
8101,636
771,637
2747,637
3245,637
3802,637
3803,637
4434,637
4747,637
4786,637
4922,637
5183,637
5329,637
6502,637
6972,637
8050,637
8096,637
8097,637
8098,637
8099,637
8100,637
8101,637
8734,637
8908,637
9612,637
10005,637
10565,637
10566,637
11633,637
11639,637
11640,637
12085,637
2747,640
4922,640
6972,640
8101,640
8906,640
11639,640
11640,640
12085,640
2747,641
4747,641
4922,641
6972,641
8050,641
8101,641
10005,641
11633,641
11639,641
11640,641
12085,641
2747,642
4747,642
4922,642
6972,642
8101,642
8907,642
4922,643
6972,643
4894,646
552,647
2599,647
4894,647
5270,647
9193,647
9662,647
9663,647
11066,647
11552,647
11553,647
11873,647
11880,647
11881,647
11895,647
11066,648
5715,649
1150,650
1765,650
1848,650
1849,650
1850,650
2520,650
2575,650
3152,650
3435,650
4237,650
4336,650
4746,650
4840,650
4959,650
4962,650
5071,650
5075,650
5086,650
5115,650
5151,650
5438,650
5496,650
6038,650
6096,650
7406,650
7407,650
7572,650
8820,650
8821,650
10070,650
10565,650
10566,650
11221,650
11764,650
11783,650
5086,653
5438,653
11435,653
11820,653
10196,654
10210,654
5018,655
8975,655
11204,655
8885,656
8820,657
8821,657
11764,657
473,658
4694,658
6122,658
11016,658
5086,660
5438,660
11435,660
2897,661
3115,661
3422,661
3518,661
3519,661
3652,661
4539,661
4840,661
4959,661
4962,661
7009,661
7010,661
7011,661
7843,661
7844,661
7845,661
7846,661
7847,661
7848,661
7849,661
7850,661
7851,661
8051,661
8052,661
8054,661
8820,661
8821,661
8992,661
10232,661
10574,661
11221,661
11435,661
11764,661
11783,661
11798,661
11820,661
12191,661
12204,661
4840,663
4962,663
11764,663
8051,665
8052,665
8054,665
2520,666
2575,666
2604,666
2897,666
2992,666
3152,666
3435,666
4237,666
4746,666
4840,666
4959,666
4962,666
5086,666
5115,666
5331,666
5438,666
5496,666
6038,666
6096,666
7846,666
8054,666
8731,666
8820,666
8821,666
10070,666
10876,666
11221,666
11435,666
11764,666
11783,666
11820,666
3435,669
4959,669
5496,669
6038,669
6096,669
8820,669
8821,669
11435,669
11764,669
11783,669
2992,671
4840,671
4959,671
4962,671
5086,671
5438,671
8051,671
8052,671
8053,671
8054,671
8731,671
8820,671
8821,671
11221,671
11435,671
11764,671
11783,671
11798,671
11820,671
12191,671
12199,671
12200,671
12204,671
12213,671
4840,672
4962,672
11435,674
1176,675
1177,675
1410,675
1933,675
3952,675
5311,675
5312,675
5834,675
5958,675
5959,675
7179,675
7180,675
7458,675
7459,675
7460,675
7461,675
1176,676
1177,676
1176,678
1177,678
6456,678
7179,678
1176,682
1177,682
1410,682
1994,682
2232,682
2281,682
3433,682
5217,682
5460,682
7276,682
9131,683
10820,683
1176,684
1177,684
9131,684
10820,684
10821,684
10822,684
9131,686
10820,686
10821,686
10822,686
11087,687
120,688
978,688
4546,688
6418,688
7602,688
9409,688
5489,689
3081,690
3139,690
4062,690
4067,690
4108,690
4109,690
4142,690
4162,690
5489,690
5490,690
5491,690
5492,690
5554,690
10543,690
5252,691
5489,691
1557,692
2028,692
2554,692
3139,692
4062,692
4067,692
4096,692
4108,692
4151,692
4212,692
4724,692
5252,692
5489,692
5490,692
5491,692
5492,692
5554,692
7426,692
8192,692
8193,692
8194,692
8195,692
8197,692
8198,692
8199,692
8200,692
8201,692
8202,692
8203,692
8204,692
8205,692
8206,692
8207,692
8208,692
8209,692
8211,692
8212,692
8213,692
8214,692
8215,692
8216,692
9210,692
9211,692
10363,692
10364,692
10366,692
10368,692
10375,692
10376,692
10543,692
245,693
256,693
8589,693
1584,695
1585,695
2141,695
2433,695
2823,695
2840,695
3533,695
3561,695
4788,695
4887,695
6338,695
6816,695
7045,695
7049,695
7787,695
7788,695
7988,695
8893,695
9706,695
9820,695
10777,695
12231,695
12232,695
1584,696
1585,696
2141,696
2433,696
2801,696
2817,696
2823,696
2840,696
3025,696
3533,696
3561,696
4258,696
4593,696
4788,696
4887,696
6338,696
6816,696
7045,696
7049,696
7787,696
7788,696
7988,696
8893,696
9706,696
9820,696
10933,696
10934,696
10935,696
11654,696
12032,696
12231,696
12232,696
429,697
450,697
516,697
1584,697
1585,697
1586,697
1588,697
2433,697
2714,697
2801,697
2817,697
2823,697
2840,697
3172,697
3285,697
3533,697
3561,697
3562,697
4257,697
4258,697
4281,697
4530,697
4546,697
4592,697
4593,697
4732,697
4788,697
4957,697
6525,697
7047,697
7049,697
7194,697
7387,697
7718,697
7719,697
7872,697
7873,697
7883,697
8377,697
8878,697
9268,697
9355,697
9373,697
9386,697
9820,697
10777,697
10890,697
11654,697
11844,697
12215,697
429,698
450,698
516,698
1584,698
1585,698
1586,698
1588,698
2433,698
2714,698
2801,698
2817,698
2823,698
2840,698
3172,698
3285,698
3533,698
3561,698
3562,698
4257,698
4258,698
4281,698
4530,698
4546,698
4592,698
4593,698
4732,698
4788,698
4957,698
6525,698
7047,698
7049,698
7194,698
7387,698
7717,698
7718,698
7719,698
7872,698
7873,698
7883,698
8377,698
8878,698
9268,698
9355,698
9373,698
9386,698
9820,698
10777,698
10890,698
11844,698
12215,698
429,699
450,699
516,699
1584,699
1585,699
1586,699
1588,699
2433,699
2714,699
2801,699
2817,699
2823,699
2840,699
3172,699
3533,699
3561,699
3562,699
4257,699
4258,699
4281,699
4530,699
4546,699
4592,699
4593,699
4732,699
4788,699
4957,699
6525,699
7047,699
7049,699
7194,699
7387,699
7717,699
7718,699
7719,699
7872,699
7873,699
7883,699
8377,699
8878,699
9268,699
9355,699
9373,699
9386,699
9820,699
10890,699
11844,699
12215,699
1585,700
2823,700
5886,700
6054,700
6919,700
7883,700
8022,700
9355,700
9386,700
9820,700
11535,700
4281,701
4732,701
4787,701
7949,701
9820,701
4281,702
4732,702
4787,702
7949,702
9820,702
4281,703
4732,703
4787,703
7949,703
9820,703
10895,703
11654,703
1584,704
1585,704
2390,704
2823,704
2840,704
3285,704
3561,704
4257,704
4281,704
4583,704
4732,704
4957,704
7047,704
7749,704
8377,704
8890,704
8891,704
8892,704
9301,704
9372,704
9820,704
10358,704
11654,704
11822,704
1584,705
1585,705
2390,705
2823,705
2840,705
3285,705
3561,705
4257,705
4281,705
4583,705
4732,705
4957,705
7047,705
7749,705
8377,705
8890,705
8891,705
8892,705
9301,705
9372,705
9820,705
10358,705
11822,705
1274,706
2840,706
3025,706
3285,706
9820,706
10895,706
11828,706
12219,706
2801,707
2817,707
2840,707
3285,707
4814,707
9301,707
10933,707
10934,707
10935,707
11654,707
12219,707
2840,708
1678,709
3187,709
4921,709
4923,709
4954,709
7928,709
8528,709
8728,709
9059,709
9886,709
10528,709
11608,709
11710,709
11763,709
4921,710
4954,710
8728,710
9886,710
2756,711
3155,711
6852,711
7870,711
7871,711
7928,711
9966,711
10597,711
10938,711
1678,714
2967,714
3043,714
3847,714
4921,714
4954,714
5034,714
5978,714
7499,714
7928,714
8728,714
9059,714
9960,714
9961,714
10528,714
10952,714
10954,714
10956,714
4921,716
7928,716
8728,716
7928,717
1073,718
3345,718
3597,718
6104,718
11355,718
11611,718
2314,719
3155,719
4290,719
6656,719
6901,719
6902,719
7928,719
9887,719
10779,719
1322,721
1859,723
3880,723
5748,723
4281,725
4315,725
4788,725
6508,725
6957,725
9207,725
10019,725
4281,726
4315,726
4788,726
6508,726
6957,726
9207,726
10019,726
1967,728
5118,728
9373,728
2141,730
7872,730
8874,730
9386,730
5547,731
670,733
721,733
9155,733
10730,733
2691,734
6330,734
4248,735
6330,735
2432,736
4257,736
4281,736
4788,736
4874,736
9820,736
10019,736
2432,737
1676,738
2840,738
4216,738
4257,738
4277,738
4281,738
4315,738
4788,738
4874,738
4878,738
5352,738
6217,738
6957,738
7173,738
9207,738
9406,738
9407,738
9820,738
10019,738
2432,739
4257,739
4277,739
4281,739
4788,739
4874,739
6217,739
7173,739
9820,739
10019,739
4257,740
4281,740
4788,740
4874,740
6217,740
7173,740
9820,740
10019,740
2432,741
4257,741
4281,741
4288,741
6508,741
9402,741
9535,741
9820,741
10019,741
10036,741
450,742
1584,742
1585,742
1662,742
2433,742
2823,742
2840,742
2862,742
2938,742
2980,742
3015,742
3234,742
4257,742
4530,742
4546,742
4592,742
4788,742
5886,742
6054,742
6428,742
6508,742
6561,742
6919,742
6953,742
7046,742
7047,742
7049,742
7194,742
7335,742
7447,742
7883,742
8022,742
8377,742
8670,742
8878,742
9155,742
9243,742
9373,742
9386,742
9706,742
9820,742
10358,742
11535,742
11596,742
11597,742
11598,742
11751,742
11844,742
11982,742
12215,742
4257,743
1584,744
1585,744
3447,744
3561,744
518,745
1584,745
1585,745
2433,745
2817,745
2823,745
2840,745
2862,745
3025,745
3285,745
3944,745
4257,745
4281,745
4345,745
4583,745
4592,745
4788,745
5746,745
6217,745
6338,745
6659,745
7044,745
7046,745
7047,745
7049,745
7173,745
7195,745
7447,745
7787,745
7883,745
7988,745
8377,745
8776,745
8878,745
8890,745
8891,745
8892,745
8961,745
9155,745
9301,745
9329,745
9372,745
9706,745
10051,745
10358,745
10933,745
10934,745
12032,745
12231,745
12232,745
4257,746
4281,746
4788,746
6217,746
7173,746
9820,746
10019,746
1584,747
2431,747
2790,747
2840,747
2862,747
3285,747
4257,747
4281,747
4593,747
4732,747
4787,747
4814,747
6215,747
6413,747
7044,747
7794,747
7949,747
8872,747
8878,747
9166,747
9209,747
9329,747
9372,747
9403,747
9820,747
11654,747
11722,747
429,748
1584,748
1585,748
1662,748
2141,748
2432,748
2823,748
2840,748
3561,748
4257,748
4281,748
4788,748
6217,748
7173,748
8638,748
8878,748
9155,748
9355,748
9820,748
10019,748
10036,748
10602,748
10603,748
11189,748
11751,748
11982,748
12219,748
516,749
2431,749
2790,749
4257,749
4530,749
4546,749
4787,749
9820,749
10895,749
1274,750
2432,750
2840,750
3025,750
3285,750
4257,750
4277,750
4281,750
4788,750
4874,750
6217,750
6508,750
7173,750
8912,750
9207,750
9406,750
9407,750
9820,750
10019,750
10895,750
11189,750
11310,750
11828,750
12219,750
2432,751
4257,751
4281,751
4288,751
6508,751
9820,751
10019,751
10036,751
2801,752
2817,752
2840,752
3285,752
4257,752
4281,752
4788,752
4814,752
6217,752
6508,752
7173,752
9155,752
9301,752
9820,752
10019,752
10895,752
10933,752
10934,752
10935,752
11189,752
12219,752
2432,755
4874,755
4878,755
2432,756
4494,757
8175,757
11999,757
8831,758
11999,758
12299,758
1311,760
1311,761
4173,765
4959,765
2188,769
2193,769
2194,769
2216,769
2220,769
2221,769
2231,769
4897,769
5603,769
5604,769
5870,769
6353,769
6650,769
6681,769
8580,769
11838,769
12311,769
2889,770
2018,772
2224,772
6734,772
6735,772
6736,772
6737,772
6738,772
6739,772
9085,772
9086,772
9087,772
9088,772
9089,772
9090,772
9091,772
9092,772
9093,772
9094,772
9095,772
9096,772
9097,772
9098,772
9099,772
9100,772
9101,772
9102,772
9189,772
9806,772
9807,772
9808,772
9809,772
9810,772
9811,772
9826,772
9827,772
9828,772
9829,772
9830,772
9831,772
9833,772
9834,772
9835,772
9836,772
9837,772
9838,772
9839,772
9840,772
9931,772
11100,772
11661,772
9517,773
81,777
969,778
1676,778
3483,778
4216,778
4257,778
4277,778
4593,778
4874,778
6413,778
6424,778
6509,778
7792,778
7979,778
8843,778
8912,778
9144,778
9268,778
9305,778
9353,778
9372,778
9406,778
9407,778
9525,778
10758,778
10834,778
11099,778
11131,778
11245,778
11477,778
11564,778
11602,778
11752,778
11794,778
12216,778
12220,778
12231,778
12232,778
4257,779
4272,779
4874,779
7792,779
7920,779
8843,779
9155,779
9268,779
9305,779
11131,779
12216,779
162,781
172,781
364,781
591,781
1346,781
1475,781
1538,781
1553,781
1610,781
1960,781
2362,781
2995,781
3127,781
4049,781
4350,781
4351,781
11147,781
95,782
107,782
162,782
364,782
591,782
851,782
876,782
1129,782
1281,782
1282,782
1365,782
1450,782
1531,782
1610,782
1960,782
2098,782
2101,782
2470,782
2742,782
2859,782
2869,782
2878,782
2881,782
2927,782
2942,782
3127,782
3344,782
3394,782
3872,782
3885,782
3905,782
4244,782
4975,782
5287,782
5620,782
5658,782
5749,782
6213,782
6227,782
6228,782
6229,782
7678,782
8177,782
10386,782
10405,782
10478,782
11147,782
12106,782
12122,782
172,783
2040,783
11147,783
12106,783
2017,788
2264,788
5600,788
7197,788
7302,788
9244,788
11315,788
3552,790
11235,790
364,791
1610,791
1960,791
1676,792
2840,792
3107,792
4216,792
4257,792
4277,792
4281,792
4788,792
4867,792
4874,792
4878,792
5659,792
6217,792
6508,792
7173,792
9406,792
9407,792
9535,792
9820,792
10019,792
5659,793
1676,794
2840,794
4216,794
4257,794
4277,794
4281,794
4788,794
4874,794
4878,794
5352,794
5659,794
6217,794
7173,794
9405,794
9406,794
9407,794
9820,794
10019,794
5659,795
1676,796
4257,796
4788,796
4878,796
5659,796
6217,796
7173,796
9405,796
9820,796
12215,796
1676,798
2840,798
4216,798
4257,798
4277,798
4281,798
4788,798
4874,798
4878,798
5352,798
5659,798
6217,798
6508,798
7173,798
9406,798
9407,798
9535,798
10019,798
5659,799
1547,801
1609,801
1948,801
3584,801
4085,801
4088,801
4172,801
4380,801
4601,801
4829,801
5208,801
5535,801
5672,801
6961,801
7346,801
7997,801
8270,801
8271,801
9880,801
10240,801
10526,801
32,802
1547,802
1948,802
1949,802
3074,802
3584,802
4085,802
4088,802
4380,802
4601,802
6961,802
7346,802
8270,802
8271,802
9880,802
1984,803
2135,803
2711,803
4959,803
6122,803
8820,803
8821,803
2413,805
4870,805
4963,805
9607,805
1746,806
4963,806
8936,806
9396,806
9607,806
2515,807
1907,808
2455,808
2519,808
2605,808
2648,808
3236,808
4208,808
4779,808
4811,808
4876,808
4895,808
4925,808
5113,808
5483,808
5555,808
5557,808
6581,808
6649,808
6769,808
6889,808
6890,808
6891,808
6892,808
6893,808
6894,808
6895,808
6896,808
6897,808
6898,808
6899,808
7301,808
7438,808
7502,808
7763,808
8036,808
8047,808
8766,808
8861,808
9007,808
9029,808
9619,808
9624,808
9664,808
9698,808
10083,808
10414,808
10417,808
10568,808
10740,808
10744,808
2482,809
2493,809
2605,809
3263,809
3635,809
4208,809
4278,809
5556,809
6371,809
7502,809
8012,809
8013,809
8036,809
8380,809
8381,809
8666,809
9288,809
9289,809
10083,809
11149,809
11404,809
11405,809
11409,809
11849,809
11850,809
2403,810
2493,810
2605,810
3008,810
3009,810
3157,810
3254,810
4208,810
4811,810
4925,810
5163,810
5483,810
5555,810
5557,810
6161,810
6620,810
6649,810
6784,810
6821,810
7497,810
7498,810
8013,810
8036,810
8276,810
8351,810
8352,810
8359,810
8360,810
8361,810
8595,810
9288,810
9289,810
10083,810
10420,810
10609,810
10610,810
10613,810
10616,810
10618,810
10620,810
10623,810
10740,810
10744,810
11061,810
11128,810
11261,810
11406,810
11407,810
11512,810
12374,810
2455,811
2493,811
2519,811
2605,811
2648,811
3009,811
3254,811
4208,811
4805,811
4811,811
4876,811
5113,811
5557,811
6581,811
6769,811
6889,811
6890,811
6891,811
6898,811
6899,811
7267,811
7438,811
7502,811
7763,811
8036,811
8047,811
8861,811
9007,811
9619,811
9624,811
9664,811
9698,811
10083,811
10414,811
10417,811
10568,811
10609,811
10610,811
10613,811
10616,811
10618,811
10620,811
10623,811
10740,811
10744,811
11248,811
11261,811
11407,811
12358,811
12360,811
2380,812
2493,812
2518,812
2519,812
2605,812
2621,812
3009,812
3157,812
3635,812
4208,812
4278,812
4331,812
5113,812
5114,812
5163,812
5556,812
6371,812
6821,812
7502,812
7996,812
8012,812
8013,812
8036,812
8230,812
8231,812
8232,812
8352,812
8486,812
8595,812
8664,812
8666,812
10083,812
11149,812
11409,812
2380,813
2493,813
3008,813
3009,813
3254,813
3635,813
3653,813
3660,813
4152,813
4208,813
4331,813
5163,813
5557,813
6161,813
6344,813
6345,813
6821,813
7996,813
8230,813
8231,813
8232,813
8595,813
10083,813
10126,813
11061,813
11128,813
11408,813
2413,814
4870,814
4963,814
9607,814
1746,815
4963,815
8936,815
9396,815
9607,815
134,817
4259,817
8186,817
9720,817
133,818
134,818
298,818
2822,818
9453,818
10468,818
10472,818
10474,818
11302,818
11303,818
11314,818
11411,818
250,821
3648,822
11893,822
1749,824
1750,824
153,825
1498,826
1693,826
1750,826
1963,826
4143,826
4195,826
4227,826
4533,826
4917,826
4918,826
4919,826
5063,826
5094,826
5095,826
5412,826
5467,826
5468,826
5472,826
5473,826
5474,826
5475,826
5476,826
5477,826
5512,826
5612,826
5889,826
5890,826
5902,826
5903,826
5904,826
5905,826
5936,826
5937,826
6569,826
6570,826
6571,826
6572,826
6921,826
6922,826
8107,826
8350,826
9213,826
9248,826
10372,826
10373,826
11265,826
11266,826
11402,826
11403,826
11416,826
998,827
1749,827
1750,827
2097,827
2112,827
2124,827
4143,827
5386,827
5598,827
5612,827
5668,827
5823,827
5833,827
7738,827
11171,827
11249,827
11283,827
11345,827
11346,827
11415,827
44,828
1025,828
1630,828
1797,828
1998,828
1999,828
2112,828
3055,828
3627,828
4047,828
4099,828
4115,828
4195,828
4546,828
4609,828
4655,828
4659,828
4720,828
4771,828
5048,828
5063,828
5290,828
5385,828
5387,828
5599,828
5722,828
5727,828
5833,828
5849,828
6306,828
7023,828
8017,828
9409,828
9460,828
9488,828
9489,828
9493,828
9505,828
9506,828
9518,828
9519,828
9520,828
9524,828
9572,828
9573,828
9574,828
11186,828
11345,828
11346,828
11347,828
1691,829
1950,829
2522,829
2523,829
4099,829
4115,829
5144,829
5145,829
5614,829
5615,829
5755,829
6197,829
6377,829
6378,829
9481,829
514,830
644,830
682,830
876,830
978,830
1495,830
1503,830
3337,830
4461,830
4462,830
4521,830
4530,830
4546,830
5125,830
6110,830
6402,830
6422,830
9373,830
1749,831
1750,831
1749,832
5966,834
6974,834
8035,834
5682,835
4223,838
4389,838
11078,838
1749,839
4143,839
4725,839
6164,840
2085,841
10415,841
11530,841
7868,842
11530,842
2085,843
10415,843
11530,843
7868,844
11530,844
1608,845
1660,845
1691,845
1747,845
1749,845
1950,845
4195,845
4227,845
4533,845
4603,845
5108,845
5109,845
1749,846
1750,846
153,847
458,847
459,847
931,847
932,847
1038,847
1039,847
1040,847
1041,847
1103,847
1125,847
1608,847
1691,847
1747,847
1950,847
4195,847
5593,847
5868,847
9133,847
9722,847
6511,848
1749,849
1750,849
249,851
378,851
2575,851
3152,851
4336,851
5520,851
6286,851
2575,852
3152,852
2575,853
3152,853
249,854
378,854
2759,854
5520,854
6286,854
7790,857
7791,857
6250,858
1664,859
2600,859
2601,859
3497,859
4055,859
4944,859
5574,859
6862,859
7482,859
7483,859
9119,859
10624,859
11153,859
11159,859
1664,861
2600,861
2601,861
3497,861
4944,861
9005,861
11153,861
11159,861
11718,861
2601,864
3497,864
10451,865
272,866
1445,866
1571,866
1676,866
2432,866
3140,866
3465,866
3835,866
4257,866
4277,866
4315,866
4407,866
4468,866
4469,866
4470,866
4788,866
4794,866
4874,866
4878,866
5687,866
5690,866
5691,866
5943,866
6492,866
6508,866
6957,866
7135,866
7201,866
7570,866
8797,866
8980,866
9157,866
9207,866
9343,866
9401,866
9402,866
9406,866
9407,866
9535,866
9643,866
9820,866
9855,866
10019,866
10036,866
10846,866
11616,866
11643,866
12284,866
11643,867
314,868
3536,868
4216,868
4257,868
4277,868
4315,868
4330,868
4461,868
4507,868
4530,868
4564,868
4595,868
4800,868
4874,868
5623,868
6816,868
7087,868
7813,868
9142,868
9144,868
9268,868
9406,868
9407,868
9418,868
9589,868
10426,868
11554,868
12215,868
4257,870
4532,870
4564,870
314,871
3536,871
4216,871
4257,871
4277,871
4315,871
4788,871
4800,871
4874,871
6816,871
7087,871
7813,871
9144,871
9406,871
9407,871
9418,871
10426,871
11554,871
8873,873
314,874
3536,874
4257,874
4330,874
4461,874
4507,874
4530,874
4800,874
6816,874
7087,874
7813,874
9144,874
9418,874
9589,874
10426,874
11554,874
4257,875
4532,875
4564,875
1676,876
2432,876
3284,876
3563,876
3663,876
4257,876
4315,876
4407,876
7195,876
7286,876
9405,876
9855,876
9975,876
9999,876
10019,876
10051,876
10370,876
10825,876
2384,877
1829,879
46,880
98,880
392,880
1528,880
1654,880
4772,880
4847,880
9603,880
3595,881
3335,883
6122,883
11016,883
272,885
1676,885
2432,885
2638,885
4216,885
4257,885
4267,885
4277,885
4407,885
4874,885
8922,885
9207,885
9392,885
9401,885
9402,885
9406,885
9407,885
9534,885
9820,885
10019,885
10036,885
10370,885
61,886
4807,886
5531,886
7928,886
12070,886
1681,887
4708,887
4775,887
4776,887
4807,887
5531,887
7928,887
12070,887
731,889
732,889
750,889
1066,889
4413,889
4414,889
5752,889
7311,889
7312,889
11374,889
11375,889
12135,889
9966,892
10797,892
11108,892
11109,892
12159,892
9966,893
12159,893
5627,895
7230,895
688,896
690,896
908,896
50,897
85,897
111,897
388,897
457,897
480,897
569,897
585,897
595,897
600,897
957,897
1011,897
1307,897
1651,897
1744,897
1951,897
2319,897
2492,897
2511,897
2513,897
2898,897
3486,897
4235,897
4828,897
5348,897
6395,897
6563,897
6573,897
6574,897
7185,897
7199,897
7388,897
7389,897
7390,897
9234,897
113,898
250,898
388,898
569,898
595,898
600,898
1651,898
1951,898
2492,898
2513,898
3596,898
3648,898
4235,898
4828,898
6395,898
7185,898
9234,898
822,899
899,899
930,899
1043,899
1153,899
1236,899
1288,899
1291,899
1292,899
1447,899
1670,899
2006,899
2966,899
3099,899
3384,899
3385,899
3458,899
3692,899
3693,899
3748,899
3907,899
3908,899
3939,899
3940,899
3941,899
3942,899
4349,899
5108,899
5109,899
5875,899
6316,899
6785,899
6786,899
6787,899
6879,899
7110,899
7488,899
7489,899
7746,899
7747,899
7753,899
7784,899
9176,899
9314,899
9326,899
9559,899
9560,899
9710,899
9880,899
11435,899
1959,900
4104,900
4358,900
5105,900
6929,901
8820,901
10728,901
2420,903
2422,903
2423,903
3680,903
4131,903
4132,903
4137,903
4491,903
5825,905
4496,906
4497,906
4498,906
5127,906
7512,906
11117,906
4953,907
475,908
538,908
2699,908
3154,908
9440,908
1959,909
4354,910
4355,910
9592,910
598,911
845,911
4216,912
4257,912
4867,912
4874,912
5701,912
9406,912
9407,912
4216,913
4257,913
4867,913
4874,913
5352,913
9406,913
9407,913
1090,914
1676,914
4216,914
4257,914
4277,914
4315,914
4583,914
4788,914
4867,914
4874,914
5352,914
5425,914
5515,914
5516,914
5517,914
5609,914
5701,914
5770,914
5945,914
6029,914
7219,914
8752,914
8753,914
9278,914
9406,914
9407,914
9534,914
10019,914
11188,914
12215,914
5259,915
7634,915
7635,915
8929,916
9339,916
4257,919
4281,919
4788,919
4874,919
9406,919
9407,919
9820,919
12273,919
4257,920
4281,920
4788,920
4874,920
12273,920
1676,921
4257,921
4277,921
4281,921
4305,921
4315,921
4788,921
4874,921
9406,921
9407,921
9820,921
3906,922
6100,922
8842,924
8869,924
2428,925
3228,925
5802,925
5803,925
5824,925
6266,925
7420,925
7421,925
7422,925
7423,925
10976,925
10977,925
11019,925
11020,925
12102,925
12103,925
9067,926
272,927
2432,927
2638,927
4257,927
4267,927
4277,927
4315,927
4407,927
4874,927
4878,927
6492,927
6508,927
6957,927
7570,927
8922,927
9207,927
9392,927
9401,927
9402,927
9405,927
9535,927
9855,927
10019,927
10036,927
10370,927
12212,927
2432,928
4257,928
4267,928
4315,928
4407,928
6492,928
6508,928
6957,928
8922,928
9392,928
9402,928
9535,928
9855,928
10019,928
10036,928
11616,928
2246,929
4914,930
4914,931
4914,932
894,935
895,935
2298,935
2299,935
2351,935
4914,935
10964,935
10965,935
2102,936
8997,936
8998,936
8999,936
11453,936
11713,936
12027,936
12314,936
12336,936
8997,937
12027,937
11713,938
5864,939
6649,939
9286,939
5864,940
6649,940
9904,941
978,942
1229,942
1775,942
2973,942
4462,942
4530,942
4854,942
5098,942
5989,942
6223,942
7593,942
9404,942
10896,942
10903,942
11870,942
2973,943
4461,943
4462,943
9409,943
10896,943
11176,943
11870,943
635,944
637,944
638,944
639,944
645,944
681,944
762,944
763,944
898,944
1005,944
1164,944
1193,944
1316,944
2447,944
2953,944
3347,944
3348,944
3576,944
4632,944
5379,944
5414,944
6576,944
8839,944
10172,944
11581,944
453,945
1976,945
2158,945
11518,945
11581,945
649,948
903,948
1363,948
1995,948
2103,948
2131,948
2143,948
2271,948
2272,948
2273,948
2274,948
2275,948
2276,948
2300,948
2301,948
3300,948
3314,948
3317,948
3362,948
4913,948
5055,948
5206,948
5651,948
5797,948
5939,948
5940,948
6663,948
7082,948
7214,948
7215,948
7233,948
7297,948
9060,948
9186,948
9438,948
9715,948
9762,948
10035,948
10739,948
10801,948
10813,948
10814,948
10830,948
10831,948
10832,948
10862,948
11176,948
11398,948
11823,948
12228,948
482,949
1719,949
1720,949
1784,949
1785,949
1786,949
2070,949
2099,949
2100,949
2106,949
2107,949
2108,949
2169,949
3050,949
3760,949
3763,949
4854,949
5055,949
5206,949
5569,949
5797,949
5988,949
5989,949
6598,949
6692,949
6818,949
6819,949
7244,949
7245,949
7297,949
8760,949
8828,949
9438,949
9714,949
9762,949
9763,949
9764,949
10027,949
10811,949
10814,949
10815,949
10816,949
10817,949
10818,949
10819,949
10863,949
11334,949
11536,949
11738,949
11770,949
9438,950
1995,951
5651,951
7360,951
9438,951
11176,951
11550,951
11536,952
9438,953
2982,954
6237,955
5141,959
7727,959
4748,962
4874,962
1676,963
2638,963
4216,963
4257,963
4788,963
9534,963
9820,963
9855,963
830,965
3481,965
3801,965
5788,965
11588,965
5260,966
7591,966
7592,966
5260,967
7591,967
7592,967
4654,969
131,970
143,970
158,970
326,970
436,970
2373,970
2535,970
3629,970
8393,970
9788,970
10464,970
11038,970
11039,970
11043,970
3629,971
8393,971
2535,972
3629,972
8393,972
5087,974
10107,974
4890,975
6041,975
6042,975
1024,977
1135,977
4107,981
6282,981
7886,981
7603,982
11493,982
4913,983
5119,983
5471,983
8830,983
8871,983
11493,983
11590,983
11846,983
2649,984
4107,984
10039,984
10651,984
2649,985
4107,985
10651,985
4107,986
3963,987
4107,987
2649,988
4107,988
10039,988
10651,988
4757,989
7675,989
7676,989
7677,989
7776,989
8914,989
10158,989
10642,989
11644,989
6265,990
6265,991
265,992
299,992
539,992
2051,992
2402,992
3904,992
4314,992
4409,992
4757,992
5713,992
6131,992
6491,992
6981,992
7005,992
7007,992
7008,992
7486,992
7642,992
7643,992
7644,992
7645,992
7677,992
7776,992
7840,992
7992,992
8158,992
8646,992
8647,992
8911,992
8919,992
8947,992
8972,992
9496,992
9500,992
9501,992
9502,992
9503,992
10158,992
10395,992
10396,992
11150,992
11151,992
11329,992
11330,992
11331,992
11332,992
11534,992
11670,992
11675,992
12147,992
2402,993
7486,993
7840,993
8646,994
8647,994
4757,995
6265,995
7486,995
7645,995
8158,995
8646,995
8647,995
8911,995
8919,995
10158,995
6265,996
265,997
4757,997
6629,997
7007,997
7008,997
7486,997
7645,997
7840,997
7992,997
8911,997
8913,997
8914,997
8915,997
8916,997
8917,997
8918,997
10158,997
10796,997
11331,997
11624,997
11644,997
11690,997
12355,997
4757,998
6629,998
7007,998
7645,998
7992,998
8911,998
8918,998
10796,998
11624,998
11644,998
202,999
360,999
361,999
2168,999
154,1001
159,1001
309,1001
327,1001
475,1001
538,1001
1530,1001
1697,1001
2485,1001
2680,1001
3022,1001
3220,1001
3353,1001
3354,1001
4045,1001
4100,1001
4562,1001
4563,1001
6115,1001
6169,1001
6396,1001
6397,1001
7391,1001
9605,1001
9987,1001
10082,1001
10400,1001
10488,1001
10489,1001
10494,1001
10495,1001
10726,1001
64,1002
100,1002
121,1002
149,1002
253,1002
309,1002
601,1002
1530,1002
1549,1002
1751,1002
2357,1002
2385,1002
2498,1002
2699,1002
3154,1002
3220,1002
3236,1002
3353,1002
3354,1002
3498,1002
3513,1002
3515,1002
3540,1002
3559,1002
4031,1002
4071,1002
4081,1002
4334,1002
4356,1002
4479,1002
4483,1002
4707,1002
5008,1002
6107,1002
6239,1002
6240,1002
9029,1002
9605,1002
9792,1002
9850,1002
9906,1002
9926,1002
9932,1002
10080,1002
10124,1002
10125,1002
10441,1002
10978,1002
12044,1002
12130,1002
309,1003
2644,1003
3080,1003
3220,1003
12348,1003
149,1004
1530,1004
3220,1004
4031,1004
4356,1004
4707,1004
7200,1004
8819,1004
9605,1004
9651,1004
9785,1004
10080,1004
12124,1004
12155,1004
12156,1004
12157,1004
8,1005
127,1005
309,1005
357,1005
388,1005
394,1005
582,1005
583,1005
600,1005
1549,1005
1690,1005
1751,1005
1937,1005
1940,1005
1941,1005
2357,1005
2680,1005
3095,1005
3145,1005
3154,1005
3232,1005
3439,1005
4031,1005
4098,1005
4100,1005
4210,1005
4356,1005
4437,1005
4562,1005
4563,1005
4707,1005
5057,1005
6168,1005
6169,1005
6334,1005
7050,1005
8249,1005
8632,1005
8716,1005
9602,1005
9993,1005
10012,1005
10013,1005
10014,1005
10080,1005
10441,1005
10765,1005
10898,1005
10899,1005
12111,1005
18,1006
154,1006
159,1006
309,1006
327,1006
1374,1006
1530,1006
2485,1006
2680,1006
2755,1006
3022,1006
3353,1006
3354,1006
3432,1006
3580,1006
4045,1006
4063,1006
4090,1006
4100,1006
4474,1006
4476,1006
4477,1006
4562,1006
4563,1006
4978,1006
4980,1006
5710,1006
6169,1006
6396,1006
6397,1006
7569,1006
8228,1006
8229,1006
8471,1006
8472,1006
8473,1006
8474,1006
8475,1006
8476,1006
9602,1006
9605,1006
9932,1006
10081,1006
10082,1006
10275,1006
10400,1006
10488,1006
10489,1006
10494,1006
10495,1006
388,1007
600,1007
1530,1008
9605,1008
154,1009
262,1009
340,1009
394,1009
1549,1009
2357,1009
2498,1009
2588,1009
2818,1009
3095,1009
3236,1009
3353,1009
3354,1009
3507,1009
4081,1009
5288,1009
5377,1009
6115,1009
6168,1009
6169,1009
6926,1009
6994,1009
7051,1009
8277,1009
8278,1009
8340,1009
8341,1009
8342,1009
8343,1009
8344,1009
8345,1009
8348,1009
8349,1009
8387,1009
8388,1009
9755,1009
9906,1009
9920,1009
9921,1009
9988,1009
9989,1009
10021,1009
10252,1009
10257,1009
10291,1009
12098,1009
12130,1009
12185,1009
188,1010
340,1010
394,1010
1545,1010
2031,1010
3220,1010
4999,1010
7055,1010
8184,1010
9605,1010
357,1011
394,1011
430,1011
1530,1011
1549,1011
2357,1011
2819,1011
3095,1011
3145,1011
3507,1011
3938,1011
4015,1011
4016,1011
4081,1011
4090,1011
4100,1011
4562,1011
5288,1011
6168,1011
6169,1011
6172,1011
6173,1011
6254,1011
6992,1011
7050,1011
7306,1011
7419,1011
8357,1011
8618,1011
8619,1011
8723,1011
9914,1011
9993,1011
10012,1011
10013,1011
10014,1011
10260,1011
10261,1011
10268,1011
10269,1011
10270,1011
10282,1011
10285,1011
10347,1011
12098,1011
12111,1011
12126,1011
12131,1011
12132,1011
154,1012
1549,1012
2357,1012
2498,1012
2588,1012
2771,1012
2818,1012
3095,1012
3236,1012
3353,1012
3354,1012
3507,1012
4090,1012
4334,1012
5236,1012
5288,1012
5377,1012
5416,1012
6115,1012
6392,1012
6396,1012
6397,1012
6792,1012
6994,1012
7051,1012
8277,1012
8278,1012
8340,1012
8341,1012
8342,1012
8343,1012
8344,1012
8345,1012
8348,1012
8349,1012
8387,1012
9549,1012
9755,1012
9920,1012
9921,1012
10021,1012
10257,1012
11207,1012
11995,1012
12094,1012
12098,1012
12138,1012
12155,1012
271,1013
309,1013
388,1013
394,1013
582,1013
583,1013
600,1013
1592,1013
1751,1013
1940,1013
1941,1013
2357,1013
2680,1013
3145,1013
3232,1013
3355,1013
3356,1013
3507,1013
4100,1013
4437,1013
4474,1013
4475,1013
4562,1013
4563,1013
4707,1013
5057,1013
5288,1013
6168,1013
6169,1013
6995,1013
9533,1013
9602,1013
9993,1013
10012,1013
10013,1013
10014,1013
10080,1013
10441,1013
10713,1013
10765,1013
10773,1013
12098,1013
12111,1013
12185,1013
12187,1013
34,1014
100,1014
154,1014
566,1014
582,1014
583,1014
1549,1014
1936,1014
2357,1014
2818,1014
3095,1014
3353,1014
3354,1014
4218,1014
6115,1014
6396,1014
6397,1014
7051,1014
7213,1014
7221,1014
7432,1014
7569,1014
7780,1014
7781,1014
7793,1014
8340,1014
8341,1014
8342,1014
8343,1014
8344,1014
8345,1014
8387,1014
8388,1014
9755,1014
9849,1014
9979,1014
10021,1014
10029,1014
10249,1014
10252,1014
12094,1014
12095,1014
12144,1014
12145,1014
12177,1014
12178,1014
12179,1014
12180,1014
12195,1014
4707,1015
30,1016
78,1016
149,1016
331,1016
388,1016
394,1016
582,1016
583,1016
600,1016
1751,1016
1940,1016
1941,1016
2357,1016
2680,1016
2778,1016
2779,1016
2791,1016
3145,1016
3219,1016
3232,1016
3251,1016
4100,1016
4437,1016
4562,1016
4563,1016
4707,1016
5057,1016
5597,1016
6056,1016
6057,1016
6168,1016
6169,1016
9497,1016
9602,1016
9605,1016
9993,1016
10012,1016
10013,1016
10014,1016
10074,1016
10080,1016
10082,1016
10096,1016
10400,1016
10441,1016
10726,1016
10765,1016
10773,1016
12111,1016
12186,1016
52,1017
100,1017
109,1017
149,1017
309,1017
475,1017
538,1017
1530,1017
2030,1017
2357,1017
2385,1017
2498,1017
3154,1017
3220,1017
3230,1017
6107,1017
9440,1017
9605,1017
9792,1017
9926,1017
10441,1017
10978,1017
12348,1017
30,1018
78,1018
149,1018
331,1018
388,1018
394,1018
582,1018
583,1018
600,1018
1751,1018
1940,1018
1941,1018
2357,1018
2680,1018
2778,1018
2779,1018
2791,1018
3145,1018
3219,1018
3232,1018
3251,1018
4100,1018
4437,1018
4562,1018
4563,1018
4707,1018
5057,1018
5597,1018
6056,1018
6057,1018
6168,1018
6169,1018
9497,1018
9602,1018
9605,1018
9913,1018
9993,1018
10012,1018
10013,1018
10014,1018
10074,1018
10080,1018
10096,1018
10400,1018
10441,1018
10726,1018
10765,1018
10773,1018
10997,1018
12111,1018
58,1019
66,1019
437,1019
524,1019
618,1019
901,1019
944,1019
1294,1019
2872,1019
3649,1019
3837,1019
3838,1019
3874,1019
3888,1019
3951,1019
5343,1019
5395,1019
5397,1019
6242,1019
6246,1019
6329,1019
6477,1019
7326,1019
7327,1019
7338,1019
7439,1019
7440,1019
7467,1019
7468,1019
7469,1019
7470,1019
7471,1019
8705,1019
9240,1019
9256,1019
9262,1019
9313,1019
25,1020
618,1020
1634,1020
1639,1020
2469,1020
2608,1020
2687,1020
2702,1020
2989,1020
4041,1020
4260,1020
5942,1020
6243,1020
6477,1020
6562,1020
8374,1020
9393,1020
11363,1020
1639,1021
4435,1022
12047,1023
12048,1023
12049,1023
12050,1023
12051,1023
1983,1024
1986,1024
2736,1024
2015,1025
2016,1025
2021,1025
3133,1025
1134,1026
2254,1026
2825,1026
3294,1026
3295,1026
3296,1026
3297,1026
3775,1026
3807,1026
5036,1026
5072,1026
5232,1026
5789,1026
7025,1026
8934,1026
9063,1026
9072,1026
9208,1026
9338,1026
9637,1026
10236,1026
10293,1026
12047,1026
12048,1026
12049,1026
12050,1026
12051,1026
12052,1026
12053,1026
1983,1027
2736,1027
7178,1030
10636,1030
7178,1031
10636,1031
7178,1032
1141,1033
2637,1033
2833,1033
6537,1033
6540,1033
11368,1033
11369,1033
12082,1033
915,1035
1285,1035
1871,1035
2840,1035
4507,1035
4593,1035
4689,1035
4874,1035
5659,1035
6816,1035
8776,1035
8803,1035
9411,1035
9589,1035
11621,1035
11730,1035
12040,1035
12219,1035
1871,1036
2000,1036
2189,1036
2840,1036
6808,1036
3107,1037
10933,1037
10934,1037
10935,1037
1676,1038
2840,1038
4216,1038
4257,1038
4281,1038
4874,1038
5659,1038
6217,1038
7173,1038
9406,1038
9407,1038
9820,1038
2469,1039
6477,1039
6562,1039
314,1040
4874,1040
7988,1040
9411,1040
9411,1041
2469,1042
6562,1042
25,1043
1047,1043
1639,1043
7279,1043
2469,1044
2792,1044
6562,1044
7314,1044
25,1045
1345,1045
1634,1045
1639,1045
2469,1045
2608,1045
6477,1045
6562,1045
25,1046
58,1046
214,1046
618,1046
761,1046
1046,1046
1047,1046
1048,1046
1172,1046
1345,1046
1634,1046
1639,1046
2388,1046
2469,1046
2608,1046
2613,1046
2702,1046
2792,1046
3262,1046
3335,1046
3888,1046
3951,1046
3976,1046
4041,1046
5261,1046
5262,1046
5264,1046
5810,1046
5942,1046
6200,1046
6477,1046
6562,1046
7279,1046
7314,1046
7628,1046
8178,1046
8374,1046
8524,1046
9379,1046
9399,1046
9400,1046
10962,1046
11235,1046
11526,1046
12359,1046
25,1047
2469,1047
2792,1047
6477,1047
6562,1047
7314,1047
10962,1047
10994,1047
11526,1047
11664,1047
1639,1048
2469,1048
2581,1048
2792,1048
3262,1048
6477,1048
6562,1048
6954,1048
6955,1048
6956,1048
7314,1048
7334,1048
9374,1048
10994,1048
11664,1048
25,1050
58,1050
241,1050
618,1050
1634,1050
1639,1050
2469,1050
2702,1050
4041,1050
4260,1050
5942,1050
6243,1050
6477,1050
6562,1050
11526,1050
25,1051
58,1051
90,1051
214,1051
618,1051
1634,1051
1639,1051
2469,1051
2702,1051
4041,1051
4260,1051
5942,1051
6200,1051
6243,1051
6562,1051
8374,1051
11526,1051
2388,1052
3976,1052
6477,1052
25,1054
1639,1054
6134,1055
6846,1055
7106,1055
8188,1055
9607,1055
314,1057
1676,1057
2638,1057
3794,1057
4257,1057
4277,1057
4583,1057
4788,1057
4855,1057
4874,1057
4957,1057
5352,1057
6013,1057
6259,1057
6866,1057
6957,1057
6984,1057
7049,1057
7273,1057
7988,1057
8594,1057
8843,1057
8878,1057
9160,1057
9355,1057
9386,1057
9402,1057
9406,1057
9407,1057
9699,1057
9820,1057
9955,1057
10019,1057
1676,1059
2638,1059
4257,1059
4277,1059
4315,1059
4788,1059
4874,1059
9401,1059
9402,1059
9406,1059
9407,1059
9855,1059
11363,1060
1197,1061
1198,1061
1199,1061
1200,1061
1420,1061
1421,1061
1422,1061
1423,1061
1755,1061
1756,1061
1757,1061
1758,1061
1778,1061
1779,1061
1780,1061
1781,1061
1793,1061
1794,1061
1795,1061
1796,1061
1800,1061
1801,1061
1802,1061
1803,1061
1804,1061
1805,1061
1806,1061
1807,1061
1808,1061
1809,1061
1810,1061
1811,1061
1812,1061
1813,1061
1814,1061
1815,1061
2202,1061
2203,1061
2204,1061
2205,1061
3487,1061
7026,1061
7027,1061
7028,1061
7029,1061
8663,1061
11714,1061
11715,1061
11716,1061
11717,1061
8663,1062
11714,1062
11715,1062
11716,1062
11717,1062
3487,1063
3581,1063
4985,1063
8663,1063
11308,1063
11569,1063
8663,1064
2369,1065
3487,1065
8663,1065
11308,1065
11569,1065
8663,1066
3487,1067
3487,1069
573,1070
1635,1070
2879,1070
3983,1070
7040,1070
9482,1070
10008,1070
10009,1070
10022,1070
11885,1070
11886,1070
18,1071
195,1071
573,1071
1530,1071
1537,1071
1543,1071
1552,1071
1635,1071
2489,1071
2499,1071
2532,1071
2943,1071
3586,1071
3983,1071
4349,1071
4641,1071
5002,1071
5231,1071
6632,1071
6633,1071
6654,1071
7104,1071
7167,1071
7732,1071
7989,1071
9498,1071
9851,1071
9892,1071
11067,1071
4274,1073
4560,1073
4561,1073
4914,1073
4928,1073
6265,1073
10645,1073
4665,1075
12134,1075
5122,1076
5204,1076
6645,1076
11068,1076
5122,1077
5204,1077
213,1078
367,1078
594,1078
1559,1078
2115,1078
2358,1078
2393,1078
2598,1078
3121,1078
3236,1078
3491,1078
4011,1078
4215,1078
4335,1078
4730,1078
4801,1078
5339,1078
5340,1078
5341,1078
6874,1078
6875,1078
6888,1078
7290,1078
7890,1078
8254,1078
8255,1078
8257,1078
8363,1078
8364,1078
8479,1078
8590,1078
8591,1078
10130,1078
10160,1078
10169,1078
10171,1078
10173,1078
10181,1078
11160,1078
11161,1078
12230,1078
8254,1079
8255,1079
2598,1080
3121,1080
12230,1080
112,1081
213,1081
278,1081
367,1081
368,1081
594,1081
761,1081
2358,1081
2598,1081
4215,1081
4335,1081
4801,1081
6486,1081
7889,1081
7890,1081
7891,1081
8254,1081
8255,1081
8257,1081
8479,1081
10109,1081
11160,1081
11161,1081
12230,1081
1559,1082
2358,1082
2393,1082
2598,1082
3121,1082
4011,1082
4215,1082
4335,1082
4801,1082
6874,1082
6875,1082
6888,1082
7290,1082
8254,1082
8255,1082
11160,1082
11161,1082
3121,1084
4215,1084
4801,1084
11160,1084
11161,1084
12230,1085
1508,1088
9804,1088
272,1089
296,1089
297,1089
675,1089
821,1089
831,1089
1647,1089
2294,1089
2295,1089
2638,1089
2655,1089
2772,1089
2773,1089
2813,1089
2845,1089
3446,1089
3632,1089
3654,1089
4257,1089
4263,1089
4267,1089
4584,1089
4878,1089
4898,1089
4951,1089
6039,1089
6496,1089
6624,1089
6725,1089
7149,1089
7504,1089
7668,1089
7841,1089
8242,1089
8681,1089
9392,1089
9700,1089
9701,1089
9855,1089
10036,1089
11343,1089
11344,1089
11572,1089
11834,1089
12142,1089
12160,1089
12162,1089
12166,1089
12189,1089
12258,1089
2940,1090
3825,1090
4261,1090
7322,1090
1334,1091
1923,1091
2556,1091
2574,1091
3280,1091
11605,1091
11630,1091
12296,1091
1334,1092
2574,1092
1334,1093
11438,1094
11439,1094
12201,1094
12371,1094
11438,1095
11439,1095
12201,1095
12214,1095
12371,1095
12377,1095
353,1097
4163,1097
171,1099
455,1099
489,1099
490,1099
491,1099
492,1099
493,1099
494,1099
495,1099
496,1099
497,1099
498,1099
499,1099
500,1099
501,1099
502,1099
503,1099
504,1099
505,1099
543,1099
559,1099
667,1099
703,1099
710,1099
782,1099
850,1099
935,1099
951,1099
1257,1099
1311,1099
2008,1099
2009,1099
3216,1099
3217,1099
3218,1099
3527,1099
3823,1099
4772,1099
4959,1099
6122,1099
8413,1099
10103,1099
11016,1099
12378,1099
12379,1099
12380,1099
12381,1099
12382,1099
12383,1099
12384,1099
11876,1101
11774,1102
11876,1102
11876,1103
3453,1104
3454,1104
3764,1104
3765,1104
3988,1104
3989,1104
11105,1104
11106,1104
11768,1104
11774,1104
11776,1104
11777,1104
11780,1104
11876,1104
11774,1105
11876,1105
11229,1107
12069,1107
9004,1108
2074,1109
2075,1109
2174,1109
2183,1109
2339,1109
3346,1109
3462,1109
3798,1109
3818,1109
3871,1109
6686,1109
6691,1109
6824,1109
6860,1109
9033,1109
9034,1109
10902,1109
11098,1109
11114,1109
11235,1109
12062,1109
12073,1109
12271,1109
3053,1115
11754,1115
11755,1115
11952,1115
11953,1115
12307,1115
5126,1117
6810,1117
9272,1117
10712,1117
2432,1119
4257,1119
4315,1119
4407,1119
9405,1119
9534,1119
9855,1119
10036,1119
10370,1119
10825,1119
11867,1119
2432,1120
4257,1120
4315,1120
4407,1120
6504,1120
7570,1120
8651,1120
9402,1120
9405,1120
9820,1120
9855,1120
10019,1120
10036,1120
10825,1120
11867,1120
1676,1121
2432,1121
2638,1121
4257,1121
4315,1121
4407,1121
4874,1121
5352,1121
6508,1121
9405,1121
9820,1121
9855,1121
10019,1121
10036,1121
10370,1121
10825,1121
11867,1121
2432,1122
4257,1122
4315,1122
4407,1122
7570,1122
9405,1122
9855,1122
10019,1122
10036,1122
10370,1122
10825,1122
11867,1122
1676,1123
2432,1123
4257,1123
4407,1123
4874,1123
7570,1123
9405,1123
9820,1123
9855,1123
10019,1123
10036,1123
10370,1123
10825,1123
11867,1123
1676,1124
2432,1124
2638,1124
4257,1124
4267,1124
4407,1124
4874,1124
6508,1124
8922,1124
9392,1124
9401,1124
9402,1124
9405,1124
9406,1124
9407,1124
9534,1124
10019,1124
10036,1124
10370,1124
10825,1124
2432,1125
2638,1125
4257,1125
4407,1125
4788,1125
4874,1125
9405,1125
10019,1125
10036,1125
10370,1125
11867,1125
1676,1126
2432,1126
2638,1126
4257,1126
4315,1126
4407,1126
7570,1126
9402,1126
9534,1126
9535,1126
9855,1126
10019,1126
10036,1126
10370,1126
11867,1126
1676,1127
2432,1127
4257,1127
4315,1127
4407,1127
4874,1127
7570,1127
9405,1127
9534,1127
9820,1127
9855,1127
10019,1127
10036,1127
10370,1127
11867,1127
12354,1127
1647,1128
2432,1128
3677,1128
3734,1128
4257,1128
4267,1128
4345,1128
4407,1128
9392,1128
9855,1128
9975,1128
10019,1128
10036,1128
10370,1128
10825,1128
11867,1128
6508,1129
9405,1129
9855,1129
10825,1129
11867,1129
11956,1129
366,1130
1676,1130
2432,1130
3311,1130
4257,1130
4315,1130
4407,1130
4874,1130
6508,1130
6725,1130
7146,1130
7570,1130
8174,1130
8586,1130
9405,1130
9534,1130
9700,1130
9701,1130
9855,1130
9975,1130
10370,1130
11343,1130
11344,1130
11867,1130
12182,1130
12220,1130
12258,1130
2432,1131
4874,1131
4878,1131
154,1133
3353,1133
3354,1133
4474,1133
6170,1133
6171,1133
8346,1133
8347,1133
8348,1133
8349,1133
355,1134
366,1134
972,1134
1295,1134
1647,1134
1676,1134
2394,1134
2395,1134
2436,1134
2638,1134
2655,1134
3383,1134
4262,1134
4288,1134
4407,1134
4524,1134
4706,1134
4898,1134
5518,1134
5791,1134
6058,1134
6357,1134
6407,1134
6496,1134
7108,1134
7150,1134
7155,1134
7841,1134
8093,1134
8244,1134
9204,1134
9207,1134
9324,1134
9534,1134
9855,1134
10370,1134
11506,1134
11808,1134
12069,1134
12142,1134
12160,1134
12162,1134
12166,1134
9398,1135
2394,1136
2395,1136
2638,1136
4257,1136
6496,1136
8093,1136
8668,1136
9398,1136
10370,1136
2820,1137
7494,1137
9930,1137
10525,1137
10607,1137
415,1139
2809,1139
4487,1139
4564,1139
5096,1139
5130,1139
11129,1139
18,1140
195,1140
573,1140
1530,1140
1537,1140
1543,1140
1552,1140
2489,1140
2499,1140
2532,1140
2943,1140
3586,1140
3983,1140
4349,1140
4641,1140
5002,1140
5137,1140
5231,1140
5415,1140
6427,1140
6632,1140
6633,1140
6651,1140
7104,1140
7167,1140
7732,1140
7989,1140
9498,1140
9851,1140
11067,1140
11353,1140
1642,1142
3266,1142
3609,1142
5688,1142
6591,1142
11641,1142
5688,1144
1642,1145
3609,1145
4874,1149
7630,1151
8817,1151
9404,1151
7630,1152
9404,1152
1052,1153
1255,1153
1993,1153
9016,1153
6749,1154
7630,1154
57,1155
252,1155
313,1155
315,1155
888,1155
1499,1155
1500,1155
1543,1155
1730,1155
1731,1155
1732,1155
1733,1155
2125,1155
2610,1155
2632,1155
2727,1155
2888,1155
2955,1155
3128,1155
3431,1155
3675,1155
4253,1155
4264,1155
4330,1155
4430,1155
4530,1155
4559,1155
4717,1155
4741,1155
4990,1155
5000,1155
5413,1155
6167,1155
6212,1155
6490,1155
6749,1155
6767,1155
7043,1155
7430,1155
7472,1155
7593,1155
7630,1155
7799,1155
7810,1155
7814,1155
8665,1155
8863,1155
8864,1155
9016,1155
10104,1155
315,1156
4295,1156
5207,1156
7630,1156
7799,1156
315,1157
575,1157
576,1157
577,1157
1533,1157
1537,1157
1543,1157
1993,1157
4254,1157
4295,1157
4717,1157
5415,1157
6970,1157
7630,1157
7799,1157
8447,1157
8448,1157
8449,1157
8450,1157
57,1158
315,1158
1189,1158
1340,1158
1499,1158
1500,1158
1543,1158
1730,1158
1731,1158
1732,1158
1733,1158
2125,1158
2632,1158
2727,1158
2888,1158
2955,1158
3128,1158
3431,1158
3675,1158
4253,1158
4264,1158
4283,1158
4330,1158
4430,1158
4530,1158
4559,1158
4717,1158
4741,1158
4990,1158
5000,1158
5024,1158
5413,1158
6167,1158
6207,1158
6212,1158
6490,1158
6749,1158
6767,1158
6990,1158
7043,1158
7472,1158
7593,1158
7630,1158
7799,1158
7810,1158
8665,1158
8700,1158
8701,1158
8703,1158
8704,1158
315,1159
4295,1159
5733,1159
6749,1159
7630,1159
7799,1159
315,1160
575,1160
576,1160
577,1160
1533,1160
1537,1160
1543,1160
1993,1160
4254,1160
4295,1160
4717,1160
5415,1160
6970,1160
7630,1160
7799,1160
8447,1160
8448,1160
8449,1160
8450,1160
7,1161
906,1161
907,1161
1124,1161
1129,1161
2606,1161
2675,1161
2686,1161
2725,1161
2729,1161
2753,1161
2754,1161
2855,1161
2856,1161
2886,1161
2891,1161
2921,1161
2942,1161
2958,1161
3244,1161
3319,1161
3352,1161
3360,1161
3398,1161
3436,1161
3484,1161
3494,1161
3572,1161
3588,1161
3699,1161
3707,1161
3866,1161
3873,1161
3924,1161
4417,1161
4418,1161
4808,1161
5302,1161
5303,1161
5304,1161
5912,1161
5996,1161
6094,1161
7919,1161
7965,1161
9019,1161
9020,1161
11213,1161
11241,1161
11448,1161
2891,1162
6648,1162
1129,1163
2675,1163
2686,1163
2729,1163
2732,1163
2742,1163
2751,1163
2838,1163
2886,1163
2891,1163
2920,1163
2921,1163
2958,1163
2975,1163
3020,1163
3065,1163
3350,1163
3360,1163
3436,1163
3484,1163
3494,1163
3526,1163
3572,1163
3588,1163
3873,1163
3883,1163
3918,1163
3924,1163
4417,1163
4418,1163
5302,1163
5303,1163
5304,1163
5470,1163
5912,1163
5996,1163
6094,1163
7965,1163
11213,1163
11448,1163
7,1164
906,1164
907,1164
1124,1164
1129,1164
2675,1164
2686,1164
2724,1164
2725,1164
2729,1164
2732,1164
2742,1164
2751,1164
2753,1164
2886,1164
2891,1164
2920,1164
2921,1164
2928,1164
2958,1164
2975,1164
2976,1164
2985,1164
3020,1164
3033,1164
3065,1164
3350,1164
3360,1164
3436,1164
3484,1164
3494,1164
3526,1164
3572,1164
3588,1164
3873,1164
3918,1164
3924,1164
4417,1164
4418,1164
5302,1164
5303,1164
5304,1164
5912,1164
5996,1164
6094,1164
7965,1164
8008,1164
11213,1164
11448,1164
2278,1166
2279,1166
181,1169
366,1169
853,1169
1647,1169
3654,1169
4428,1169
4946,1169
11455,1169
181,1171
366,1171
4428,1171
9222,1171
181,1173
4038,1174
4192,1174
4773,1174
485,1175
2120,1175
2434,1175
3129,1175
3132,1175
3137,1175
3175,1175
3182,1175
4038,1175
4114,1175
4394,1175
4773,1175
4796,1175
4809,1175
4826,1175
4872,1175
4873,1175
4927,1175
6494,1175
6963,1175
7048,1175
7515,1175
7516,1175
7587,1175
7758,1175
7987,1175
8510,1175
8799,1175
8822,1175
8959,1175
9508,1175
10552,1175
10587,1175
10781,1175
11063,1175
11335,1175
11445,1175
11915,1175
11916,1175
12259,1175
6963,1176
8822,1176
7587,1179
1828,1180
6856,1180
9065,1180
9068,1180
9078,1180
9937,1180
9621,1182
11349,1182
369,1183
3182,1183
8799,1183
11915,1183
11916,1183
1069,1184
1175,1184
1326,1184
1602,1184
2011,1184
2113,1184
2114,1184
2244,1184
2899,1184
3026,1184
3138,1184
4208,1184
4238,1184
4282,1184
4808,1184
5237,1184
5422,1184
5434,1184
5435,1184
5557,1184
5558,1184
5559,1184
6539,1184
6622,1184
7497,1184
7498,1184
7629,1184
7918,1184
7919,1184
8036,1184
8578,1184
9288,1184
9289,1184
10421,1184
10423,1184
10433,1184
10434,1184
11239,1184
11240,1184
11241,1184
11244,1184
11685,1184
11814,1184
11817,1184
12223,1184
2482,1185
3263,1185
4808,1185
7918,1185
7919,1185
9288,1185
9289,1185
11239,1185
11404,1185
11405,1185
11817,1185
11849,1185
11850,1185
12060,1185
218,1186
859,1186
1044,1186
1326,1186
1359,1186
1360,1186
1817,1186
1818,1186
2011,1186
2113,1186
2114,1186
2244,1186
3026,1186
3138,1186
3333,1186
3860,1186
4208,1186
4238,1186
4282,1186
4528,1186
4808,1186
5396,1186
5434,1186
5435,1186
6619,1186
6784,1186
6880,1186
6917,1186
7080,1186
7918,1186
7919,1186
8578,1186
9023,1186
9061,1186
9284,1186
9288,1186
9289,1186
10432,1186
10433,1186
10746,1186
10747,1186
10748,1186
10749,1186
11239,1186
11240,1186
11241,1186
11242,1186
11243,1186
11244,1186
12223,1186
11507,1187
757,1188
758,1188
2988,1188
5527,1188
6050,1188
6051,1188
7272,1188
1898,1189
484,1191
1171,1191
2996,1191
11082,1191
11507,1191
120,1194
120,1195
4910,1195
9373,1195
120,1196
807,1197
808,1197
861,1197
2549,1197
2651,1197
3066,1197
5347,1197
5430,1197
5431,1197
6226,1197
6294,1197
6539,1197
7183,1197
9776,1197
10580,1197
861,1198
2651,1198
6226,1198
6294,1198
6539,1198
9776,1198
861,1199
2651,1199
3066,1199
5347,1199
5430,1199
6226,1199
6294,1199
86,1200
104,1200
861,1200
6294,1200
861,1201
6539,1201
12,1202
17,1202
61,1202
86,1202
104,1202
243,1202
295,1202
590,1202
980,1202
1587,1202
2496,1202
4399,1202
5415,1202
6539,1202
8885,1203
1676,1207
3311,1207
4257,1207
4874,1207
4887,1207
6498,1207
9406,1207
9407,1207
9975,1207
10036,1207
10868,1207
11211,1207
11223,1207
11255,1207
11310,1207
4257,1208
4315,1208
4874,1208
9405,1208
9406,1208
9407,1208
9975,1208
10019,1208
10036,1208
10868,1208
11223,1208
5159,1210
5869,1210
5971,1210
7265,1210
4111,1213
4349,1215
4949,1215
10451,1215
11155,1215
2,1216
738,1216
3424,1216
3993,1216
3994,1216
4122,1216
6560,1216
7166,1216
8297,1216
8298,1216
8328,1216
8823,1216
8824,1216
8825,1216
9773,1216
9777,1216
9778,1216
10038,1216
10048,1216
10451,1216
2820,1217
7494,1217
9930,1217
10525,1217
10607,1217
1676,1218
4257,1218
4874,1218
6957,1218
7195,1218
9405,1218
9406,1218
9407,1218
9975,1218
10019,1218
1676,1219
4257,1219
4874,1219
9975,1219
10019,1219
1325,1220
3110,1220
371,1223
972,1223
1355,1223
2384,1223
2432,1223
2641,1223
3286,1223
3292,1223
3677,1223
3835,1223
4257,1223
4269,1223
4402,1223
4403,1223
4407,1223
4468,1223
4469,1223
4470,1223
4495,1223
4780,1223
4788,1223
4825,1223
4950,1223
4951,1223
6424,1223
6507,1223
6957,1223
7135,1223
7195,1223
7240,1223
7583,1223
7869,1223
8104,1223
8490,1223
8493,1223
8575,1223
8973,1223
8980,1223
9405,1223
9855,1223
9976,1223
9977,1223
10036,1223
10742,1223
10872,1223
11246,1223
11255,1223
11563,1223
11800,1223
12354,1223
2384,1224
2641,1224
4266,1224
7195,1224
371,1225
1355,1225
2384,1225
2409,1225
2432,1225
2638,1225
2641,1225
4257,1225
4277,1225
4315,1225
4407,1225
4788,1225
4825,1225
4874,1225
6957,1225
7195,1225
8376,1225
8980,1225
9157,1225
9405,1225
9406,1225
9407,1225
9855,1225
9976,1225
10019,1225
11246,1225
11563,1225
11808,1225
12354,1225
2384,1226
371,1227
1355,1227
2384,1227
2432,1227
2641,1227
4257,1227
4277,1227
4315,1227
4407,1227
4495,1227
4788,1227
4825,1227
4874,1227
6957,1227
7195,1227
8376,1227
8980,1227
9405,1227
9406,1227
9407,1227
9976,1227
11246,1227
11563,1227
12354,1227
2384,1228
371,1229
1355,1229
2384,1229
2641,1229
4257,1229
4277,1229
4315,1229
4825,1229
6957,1229
7195,1229
8376,1229
8980,1229
9401,1229
9976,1229
10019,1229
12354,1229
2384,1230
1676,1231
2638,1231
4257,1231
4277,1231
4315,1231
4407,1231
4788,1231
4874,1231
6957,1231
7570,1231
9156,1231
9401,1231
9405,1231
9406,1231
9407,1231
9535,1231
9855,1231
9975,1231
10019,1231
10370,1231
10825,1231
4564,1232
9048,1234
3171,1236
3948,1236
3949,1236
4339,1236
4551,1236
6839,1236
6840,1236
6914,1236
6915,1236
6924,1236
6933,1236
7385,1236
7386,1236
7398,1236
7399,1236
9858,1236
9859,1236
10729,1236
10950,1236
11205,1236
11206,1236
12290,1236
12291,1236
4339,1237
451,1241
481,1241
507,1241
533,1241
534,1241
544,1241
896,1241
897,1241
900,1241
1286,1241
1419,1241
1573,1241
1721,1241
1791,1241
1839,1241
1845,1241
1882,1241
2002,1241
2432,1241
2454,1241
2862,1241
3681,1241
3745,1241
3771,1241
4257,1241
4788,1241
4878,1241
5070,1241
5308,1241
6333,1241
7209,1241
7492,1241
8874,1241
8883,1241
9122,1241
9207,1241
9386,1241
9855,1241
10036,1241
10710,1241
10711,1241
11220,1241
11246,1241
11297,1241
11298,1241
11367,1241
12215,1241
12220,1241
12284,1241
12354,1241
1655,1242
4813,1242
4886,1242
6023,1242
10038,1242
10048,1242
10050,1242
11155,1242
12113,1242
2392,1243
4323,1243
4324,1243
4638,1243
4738,1243
4813,1243
4886,1243
6023,1243
7821,1243
8389,1243
8503,1243
8504,1243
8832,1243
8833,1243
10038,1243
10048,1243
10050,1243
10569,1243
10570,1243
10571,1243
12113,1243
4813,1245
10050,1245
10482,1245
12113,1245
7166,1246
1655,1247
4813,1247
4886,1247
6023,1247
10038,1247
10048,1247
10050,1247
11155,1247
12113,1247
4323,1248
4324,1248
4638,1248
4738,1248
4813,1248
4886,1248
6023,1248
7821,1248
8389,1248
8503,1248
8504,1248
8832,1248
8833,1248
10038,1248
10048,1248
10050,1248
12113,1248
10482,1250
12113,1250
7166,1251
2469,1255
6562,1255
4298,1257
4865,1257
5800,1257
7179,1257
7180,1257
7445,1257
7623,1257
7624,1257
7625,1257
8122,1257
8123,1257
8124,1257
8125,1257
8126,1257
8127,1257
8128,1257
8129,1257
8130,1257
8131,1257
8132,1257
8133,1257
8134,1257
8412,1257
10629,1257
10802,1257
2464,1258
2555,1258
3528,1258
7445,1258
7446,1258
7623,1258
7624,1258
9950,1258
9951,1258
10629,1258
4190,1259
9400,1259
9400,1260
9400,1261
9454,1263
9537,1263
9565,1263
9748,1263
9773,1263
9787,1263
9873,1263
9891,1263
9922,1263
10241,1263
10243,1263
10632,1263
10635,1263
10649,1263
12042,1263
12043,1263
5146,1264
10093,1264
4609,1265
272,1266
1676,1266
2432,1266
2638,1266
4257,1266
4267,1266
4277,1266
4315,1266
4407,1266
4874,1266
6508,1266
6957,1266
7570,1266
8922,1266
9392,1266
9401,1266
9402,1266
9534,1266
9535,1266
9855,1266
9975,1266
10019,1266
10036,1266
10370,1266
3679,1268
3605,1269
3679,1269
4996,1269
11547,1269
11560,1269
3605,1270
3679,1270
4996,1270
7351,1270
7352,1270
7353,1270
9174,1270
10197,1270
10202,1270
10203,1270
10204,1270
10205,1270
10207,1270
10208,1270
10412,1270
10413,1270
11432,1270
6678,1273
960,1274
990,1274
999,1274
1676,1274
1977,1274
3553,1274
3563,1274
3663,1274
4257,1274
4277,1274
4315,1274
4407,1274
4410,1274
4626,1274
4874,1274
4887,1274
5885,1274
6957,1274
7195,1274
7286,1274
7570,1274
8056,1274
9401,1274
9402,1274
9405,1274
9406,1274
9407,1274
9535,1274
9855,1274
9975,1274
9999,1274
10019,1274
10825,1274
11146,1274
11410,1274
11689,1274
12329,1274
12330,1274
12354,1274
9272,1277
517,1278
2406,1278
6216,1278
1173,1280
3113,1280
3189,1280
7674,1280
4196,1281
4452,1281
4487,1282
4488,1282
4910,1282
6775,1282
4,1284
734,1284
2561,1284
8279,1284
8280,1284
8281,1284
8282,1284
8283,1284
8284,1284
8285,1284
8286,1284
8287,1284
8288,1284
8289,1284
8290,1284
8293,1284
9678,1284
9928,1284
10303,1284
4,1285
734,1285
1366,1285
1367,1285
2474,1285
2561,1285
5202,1285
5203,1285
5221,1285
5951,1285
6291,1285
6292,1285
6309,1285
6312,1285
6313,1285
8279,1285
8280,1285
8291,1285
8292,1285
8293,1285
8294,1285
8295,1285
8628,1285
8629,1285
8630,1285
8631,1285
9583,1285
9678,1285
9679,1285
9690,1285
9691,1285
9928,1285
10298,1285
10299,1285
10301,1285
10303,1285
10955,1285
10981,1285
4,1286
734,1286
2561,1286
8279,1286
8280,1286
8281,1286
8282,1286
8283,1286
8284,1286
8285,1286
8286,1286
8287,1286
8288,1286
8289,1286
8290,1286
8293,1286
9678,1286
9928,1286
10303,1286
4,1287
734,1287
1366,1287
1367,1287
2474,1287
2561,1287
5202,1287
5203,1287
5221,1287
5951,1287
6291,1287
6292,1287
6309,1287
6312,1287
6313,1287
8279,1287
8280,1287
8291,1287
8292,1287
8293,1287
8294,1287
8295,1287
8628,1287
8629,1287
8630,1287
8631,1287
9583,1287
9678,1287
9690,1287
9691,1287
9928,1287
10298,1287
10299,1287
10303,1287
10955,1287
10981,1287
10458,1288
10459,1288
10668,1288
9433,1289
2904,1290
10122,1290
10123,1290
1676,1291
2638,1291
4216,1291
4257,1291
4267,1291
4277,1291
4281,1291
4315,1291
4407,1291
4788,1291
4874,1291
5352,1291
6957,1291
8922,1291
9392,1291
9406,1291
9407,1291
9534,1291
9535,1291
9820,1291
9855,1291
10019,1291
10370,1291
12212,1291
12273,1291
2497,1292
5006,1293
8642,1294
8643,1294
2286,1295
5935,1295
7096,1295
8743,1295
2679,1296
4132,1296
9223,1296
2679,1297
5825,1297
2420,1298
2423,1298
3680,1298
4132,1298
4491,1298
5127,1298
11117,1298
1589,1299
1613,1299
3081,1299
3209,1299
3236,1299
4067,1299
4108,1299
4142,1299
4151,1299
4724,1299
5252,1299
5489,1299
5490,1299
5491,1299
5492,1299
8194,1299
8195,1299
8196,1299
8197,1299
8198,1299
8199,1299
8200,1299
8201,1299
8202,1299
8203,1299
8204,1299
8205,1299
8206,1299
8207,1299
8208,1299
8209,1299
8210,1299
8211,1299
8212,1299
8213,1299
8214,1299
8215,1299
8216,1299
8224,1299
9210,1299
9211,1299
10362,1299
10363,1299
10364,1299
10366,1299
10368,1299
12046,1299
1557,1300
1589,1300
1613,1300
1637,1300
3081,1300
3209,1300
4067,1300
4142,1300
4169,1300
4724,1300
5252,1300
5489,1300
7426,1300
8214,1300
8654,1300
174,1301
689,1301
1589,1301
2375,1301
3081,1301
4062,1301
4067,1301
4096,1301
4108,1301
4142,1301
4212,1301
4724,1301
5252,1301
5489,1301
5490,1301
5491,1301
5492,1301
5554,1301
10543,1301
11414,1301
11831,1301
4131,1302
4844,1302
6971,1302
8175,1302
8831,1302
11111,1302
11417,1302
11418,1302
11419,1302
11847,1302
11999,1302
12299,1302
4131,1303
11111,1304
11417,1304
11418,1304
11419,1304
71,1305
243,1305
438,1305
754,1305
2587,1305
2730,1305
3058,1305
3239,1305
3445,1305
3570,1305
3598,1305
3599,1305
3749,1305
3773,1305
3863,1305
3903,1305
4233,1305
5065,1305
5066,1305
5068,1305
5193,1305
5194,1305
5195,1305
5196,1305
5197,1305
5305,1305
5328,1305
5633,1305
6262,1305
6328,1305
6431,1305
6484,1305
7404,1305
8735,1305
9550,1305
9686,1305
11257,1305
11258,1305
11259,1305
11267,1305
71,1306
161,1306
243,1306
374,1306
531,1306
627,1306
736,1306
1597,1306
1614,1306
1671,1306
1973,1306
2137,1306
2251,1306
2399,1306
2543,1306
2668,1306
2979,1306
3505,1306
3637,1306
3687,1306
3703,1306
3953,1306
4232,1306
4530,1306
4546,1306
4567,1306
5190,1306
5191,1306
5192,1306
5381,1306
5504,1306
5931,1306
6106,1306
6194,1306
6262,1306
6328,1306
6431,1306
7154,1306
7247,1306
7270,1306
7404,1306
8466,1306
9388,1306
9547,1306
9919,1306
10774,1306
10942,1306
10943,1306
11040,1306
11050,1306
243,1307
438,1307
2137,1307
2248,1307
6431,1307
6849,1307
71,1308
148,1308
161,1308
243,1308
438,1308
658,1308
1561,1308
2561,1308
3058,1308
3637,1308
3863,1308
4001,1308
4002,1308
5194,1308
5195,1308
7270,1308
8735,1308
71,1309
243,1309
438,1309
754,1309
2587,1309
2730,1309
3058,1309
3239,1309
3445,1309
3570,1309
3598,1309
3599,1309
3749,1309
3773,1309
3863,1309
3903,1309
4233,1309
5065,1309
5066,1309
5068,1309
5193,1309
5194,1309
5195,1309
5196,1309
5197,1309
5305,1309
5328,1309
5633,1309
6262,1309
6328,1309
6431,1309
6484,1309
7404,1309
8735,1309
9550,1309
9686,1309
11257,1309
11258,1309
11259,1309
11267,1309
65,1310
243,1310
374,1310
531,1310
627,1310
736,1310
1597,1310
1614,1310
1671,1310
1973,1310
2137,1310
2251,1310
2399,1310
2543,1310
2668,1310
2979,1310
3505,1310
3637,1310
3687,1310
3703,1310
3953,1310
4232,1310
4530,1310
4546,1310
4567,1310
5077,1310
5190,1310
5191,1310
5192,1310
5381,1310
5504,1310
5931,1310
6106,1310
6194,1310
6328,1310
6431,1310
7154,1310
7247,1310
7270,1310
7404,1310
8466,1310
9279,1310
9287,1310
9547,1310
9919,1310
10774,1310
10942,1310
10943,1310
11040,1310
11050,1310
243,1311
2137,1311
2248,1311
148,1312
161,1312
243,1312
438,1312
658,1312
2137,1312
2248,1312
2543,1312
2561,1312
3058,1312
4001,1312
4158,1312
4448,1312
4492,1312
4493,1312
4567,1312
4632,1312
5076,1312
5194,1312
5195,1312
6262,1312
6328,1312
6431,1312
6849,1312
7270,1312
7404,1312
8735,1312
9550,1312
10186,1312
10641,1312
71,1313
243,1313
438,1313
754,1313
2587,1313
2730,1313
3058,1313
3239,1313
3445,1313
3570,1313
3598,1313
3599,1313
3749,1313
3773,1313
3863,1313
3903,1313
4233,1313
5065,1313
5066,1313
5068,1313
5193,1313
5194,1313
5195,1313
5196,1313
5197,1313
5305,1313
5328,1313
5633,1313
6262,1313
6328,1313
6431,1313
6484,1313
7404,1313
8735,1313
9550,1313
9686,1313
11257,1313
11258,1313
11259,1313
11267,1313
71,1314
161,1314
243,1314
374,1314
531,1314
627,1314
736,1314
1597,1314
1614,1314
1671,1314
1973,1314
2137,1314
2251,1314
2399,1314
2543,1314
2668,1314
2979,1314
3505,1314
3637,1314
3687,1314
3703,1314
3953,1314
4232,1314
4530,1314
4546,1314
4567,1314
5190,1314
5191,1314
5192,1314
5381,1314
5504,1314
5931,1314
6106,1314
6194,1314
6328,1314
6431,1314
7154,1314
7247,1314
7270,1314
8260,1314
8466,1314
9287,1314
9388,1314
9547,1314
9919,1314
10774,1314
10942,1314
10943,1314
11040,1314
11050,1314
243,1315
2137,1315
2248,1315
71,1316
148,1316
161,1316
243,1316
438,1316
3637,1316
4158,1316
4448,1316
4632,1316
5076,1316
6431,1316
6849,1316
8735,1316
71,1317
243,1317
438,1317
754,1317
2587,1317
2730,1317
3058,1317
3239,1317
3445,1317
3570,1317
3598,1317
3599,1317
3749,1317
3773,1317
3863,1317
3903,1317
4233,1317
5065,1317
5066,1317
5068,1317
5193,1317
5194,1317
5195,1317
5196,1317
5197,1317
5305,1317
5328,1317
5633,1317
6262,1317
6328,1317
6431,1317
6484,1317
7404,1317
8735,1317
9550,1317
9686,1317
11257,1317
11258,1317
11259,1317
11267,1317
71,1318
243,1318
474,1318
531,1318
627,1318
642,1318
917,1318
1079,1318
1146,1318
1148,1318
1490,1318
1491,1318
1504,1318
1506,1318
1507,1318
1597,1318
1973,1318
2137,1318
2251,1318
2543,1318
2561,1318
2979,1318
3392,1318
3687,1318
3953,1318
4126,1318
4233,1318
4530,1318
4531,1318
4546,1318
4567,1318
4937,1318
5381,1318
5931,1318
6106,1318
6469,1318
7154,1318
7270,1318
9287,1318
9547,1318
9919,1318
10774,1318
10942,1318
10943,1318
11040,1318
11041,1318
11042,1318
11050,1318
11051,1318
11052,1318
243,1319
2137,1319
2248,1319
71,1320
148,1320
161,1320
243,1320
438,1320
3637,1320
4158,1320
4448,1320
4632,1320
5076,1320
6431,1320
6849,1320
71,1321
243,1321
374,1321
438,1321
531,1321
627,1321
736,1321
1597,1321
1614,1321
1671,1321
1973,1321
2137,1321
2251,1321
2399,1321
2543,1321
2668,1321
2979,1321
3505,1321
3637,1321
3687,1321
3703,1321
3953,1321
4232,1321
4233,1321
4530,1321
4546,1321
4567,1321
5381,1321
5504,1321
5931,1321
6106,1321
6194,1321
6262,1321
6328,1321
6431,1321
7154,1321
7247,1321
7270,1321
7404,1321
8260,1321
8261,1321
8466,1321
9287,1321
9550,1321
9919,1321
10774,1321
10942,1321
10943,1321
11040,1321
11050,1321
243,1322
2137,1322
2248,1322
71,1323
148,1323
161,1323
243,1323
438,1323
3637,1323
4001,1323
4158,1323
4448,1323
4632,1323
5076,1323
5194,1323
5195,1323
6431,1323
6849,1323
8735,1323
71,1324
161,1324
243,1324
374,1324
474,1324
531,1324
627,1324
642,1324
917,1324
1146,1324
1148,1324
1490,1324
1491,1324
1504,1324
1506,1324
1507,1324
1614,1324
1973,1324
2137,1324
2251,1324
2543,1324
2979,1324
3392,1324
3505,1324
3678,1324
3687,1324
3953,1324
4233,1324
4530,1324
4546,1324
4567,1324
5381,1324
6106,1324
6328,1324
6431,1324
6469,1324
7154,1324
7270,1324
8259,1324
8261,1324
8466,1324
9919,1324
10774,1324
10942,1324
10943,1324
11040,1324
11041,1324
11042,1324
11050,1324
11052,1324
243,1325
2137,1325
2248,1325
71,1326
148,1326
161,1326
243,1326
438,1326
3637,1326
4158,1326
4448,1326
4632,1326
5076,1326
6431,1326
6849,1326
11613,1326
71,1327
243,1327
438,1327
754,1327
2587,1327
2730,1327
3058,1327
3239,1327
3445,1327
3570,1327
3598,1327
3599,1327
3749,1327
3773,1327
3863,1327
3903,1327
4233,1327
5065,1327
5066,1327
5068,1327
5193,1327
5194,1327
5195,1327
5196,1327
5197,1327
5305,1327
5328,1327
5633,1327
6262,1327
6328,1327
6431,1327
6484,1327
7404,1327
8735,1327
9550,1327
9686,1327
11257,1327
11258,1327
11259,1327
11267,1327
71,1328
243,1328
627,1328
1597,1328
2137,1328
2251,1328
2543,1328
2561,1328
2979,1328
3687,1328
3953,1328
4126,1328
4233,1328
4567,1328
4937,1328
5381,1328
7154,1328
9919,1328
10774,1328
10942,1328
10943,1328
243,1329
2137,1329
2248,1329
4,1330
161,1330
234,1330
243,1330
438,1330
3564,1330
4158,1330
4199,1330
4200,1330
4448,1330
4632,1330
5076,1330
5202,1330
6309,1330
6312,1330
6431,1330
6849,1330
8629,1330
8631,1330
10982,1330
10983,1330
10984,1330
10985,1330
10986,1330
10987,1330
65,1331
71,1331
148,1331
161,1331
175,1331
243,1331
627,1331
2137,1331
2251,1331
2543,1331
2561,1331
2979,1331
3505,1331
3687,1331
3953,1331
4126,1331
4232,1331
4233,1331
4567,1331
4937,1331
5077,1331
5190,1331
5191,1331
5192,1331
5381,1331
6611,1331
7154,1331
9279,1331
9388,1331
9919,1331
10774,1331
10867,1331
10942,1331
10943,1331
4,1332
71,1332
148,1332
161,1332
234,1332
243,1332
438,1332
2137,1332
3564,1332
3637,1332
3863,1332
4001,1332
4002,1332
4199,1332
4200,1332
5195,1332
5202,1332
6309,1332
6312,1332
6431,1332
6849,1332
8629,1332
8631,1332
8735,1332
10982,1332
10983,1332
10984,1332
10985,1332
10986,1332
10987,1332
71,1333
119,1333
243,1333
374,1333
627,1333
720,1333
736,1333
1597,1333
1614,1333
1671,1333
2039,1333
2137,1333
2251,1333
2399,1333
2543,1333
2668,1333
2979,1333
3505,1333
3637,1333
3678,1333
3687,1333
3703,1333
3953,1333
4126,1333
4232,1333
4233,1333
4567,1333
4937,1333
5190,1333
5191,1333
5192,1333
5381,1333
5504,1333
5931,1333
6194,1333
6328,1333
6431,1333
6611,1333
7154,1333
7247,1333
8259,1333
8260,1333
8261,1333
8466,1333
9287,1333
9550,1333
9919,1333
10774,1333
10942,1333
10943,1333
243,1334
2137,1334
2248,1334
4,1335
148,1335
161,1335
234,1335
243,1335
438,1335
3564,1335
4001,1335
4158,1335
4199,1335
4200,1335
4448,1335
4632,1335
5076,1335
5195,1335
5202,1335
6309,1335
6312,1335
6431,1335
6849,1335
7270,1335
8629,1335
8631,1335
8735,1335
10982,1335
10983,1335
10984,1335
10985,1335
10986,1335
10987,1335
71,1337
243,1337
627,1337
2137,1337
2251,1337
2543,1337
2561,1337
2979,1337
3687,1337
3953,1337
4126,1337
4233,1337
4567,1337
4937,1337
5381,1337
7154,1337
9919,1337
10774,1337
10942,1337
10943,1337
243,1338
2137,1338
2248,1338
161,1339
243,1339
438,1339
4158,1339
4448,1339
4632,1339
5076,1339
6431,1339
6849,1339
71,1340
243,1340
627,1340
2137,1340
2251,1340
2543,1340
2561,1340
2979,1340
3687,1340
3953,1340
4126,1340
4233,1340
4567,1340
4937,1340
5381,1340
7154,1340
9919,1340
10774,1340
10942,1340
10943,1340
161,1341
243,1341
438,1341
4158,1341
4448,1341
4632,1341
5076,1341
6431,1341
6849,1341
71,1342
243,1342
627,1342
2137,1342
2251,1342
2543,1342
2561,1342
2979,1342
3687,1342
3953,1342
4126,1342
4233,1342
4567,1342
4937,1342
5381,1342
7154,1342
9919,1342
10774,1342
10942,1342
10943,1342
243,1343
2137,1343
2248,1343
161,1344
243,1344
438,1344
658,1344
1990,1344
2561,1344
4012,1344
4158,1344
4448,1344
4632,1344
5076,1344
5929,1344
6431,1344
6849,1344
7270,1344
9919,1344
11074,1344
71,1345
243,1345
438,1345
754,1345
2587,1345
2730,1345
3058,1345
3239,1345
3445,1345
3570,1345
3598,1345
3599,1345
3749,1345
3773,1345
3863,1345
3903,1345
4233,1345
5065,1345
5066,1345
5068,1345
5193,1345
5194,1345
5195,1345
5196,1345
5197,1345
5305,1345
5328,1345
5633,1345
6262,1345
6328,1345
6431,1345
6484,1345
7404,1345
8735,1345
9550,1345
9686,1345
11257,1345
11258,1345
11259,1345
11267,1345
65,1346
71,1346
161,1346
243,1346
374,1346
627,1346
736,1346
1597,1346
1614,1346
1671,1346
2137,1346
2251,1346
2399,1346
2543,1346
2668,1346
2979,1346
3505,1346
3637,1346
3678,1346
3687,1346
3703,1346
3953,1346
4232,1346
4233,1346
4567,1346
5077,1346
5190,1346
5191,1346
5192,1346
5381,1346
5504,1346
5931,1346
6194,1346
6328,1346
6431,1346
7154,1346
7247,1346
8259,1346
8260,1346
8261,1346
8466,1346
9279,1346
9287,1346
9388,1346
9550,1346
9919,1346
10774,1346
10867,1346
10942,1346
10943,1346
243,1347
2137,1347
2248,1347
71,1348
148,1348
161,1348
243,1348
438,1348
3637,1348
3863,1348
4001,1348
4002,1348
5195,1348
6431,1348
6611,1348
6849,1348
7270,1348
8735,1348
71,1349
243,1349
627,1349
2137,1349
2251,1349
2543,1349
2561,1349
2979,1349
3687,1349
3953,1349
4126,1349
4233,1349
4567,1349
4937,1349
5381,1349
7154,1349
9919,1349
10774,1349
10942,1349
10943,1349
243,1350
2137,1350
2248,1350
148,1351
161,1351
243,1351
4158,1351
4448,1351
4632,1351
5076,1351
71,1352
243,1352
627,1352
2137,1352
2251,1352
2543,1352
2561,1352
2979,1352
3687,1352
3953,1352
4126,1352
4233,1352
4567,1352
4937,1352
5381,1352
7154,1352
9919,1352
10774,1352
10942,1352
10943,1352
243,1353
2137,1353
2248,1353
438,1354
4158,1354
4448,1354
4632,1354
5076,1354
6431,1354
6849,1354
2137,1355
161,1356
243,1356
438,1356
6431,1356
6849,1356
2137,1357
438,1358
6431,1358
6849,1358
2137,1359
71,1360
243,1360
627,1360
2137,1360
2251,1360
2543,1360
2561,1360
2979,1360
3953,1360
4126,1360
4233,1360
4567,1360
4937,1360
5381,1360
7154,1360
9919,1360
10774,1360
10942,1360
10943,1360
243,1361
2137,1361
2248,1361
486,1362
487,1362
3236,1362
4399,1362
4449,1362
4455,1362
4631,1362
4664,1362
4722,1362
4905,1362
4906,1362
4907,1362
4908,1362
5049,1362
5050,1362
5415,1362
5439,1362
5440,1362
5441,1362
5775,1362
5906,1362
6008,1362
6009,1362
6339,1362
6341,1362
6393,1362
6767,1362
7061,1362
7170,1362
7724,1362
8499,1362
9107,1362
9108,1362
9169,1362
9422,1362
10596,1362
11029,1362
11219,1362
11236,1362
11237,1362
11556,1362
11609,1362
12063,1362
12233,1362
12288,1362
4399,1363
4631,1364
4791,1364
4900,1364
5106,1364
5198,1364
5199,1364
6767,1364
10596,1364
2652,1365
3226,1365
3226,1366
3226,1367
2652,1368
3226,1368
3226,1369
3226,1370
2419,1371
2422,1371
2814,1371
4131,1371
4132,1371
8175,1371
4132,1372
5116,1372
5127,1372
5825,1372
9537,1374
9891,1374
9537,1375
9891,1375
1095,1377
2083,1377
2622,1377
3316,1377
4077,1377
4827,1377
6415,1377
6416,1377
6429,1377
6430,1377
6432,1377
6433,1377
6434,1377
6435,1377
6436,1377
6437,1377
3316,1378
4077,1379
4077,1380
7888,1384
2180,1385
2185,1385
2218,1385
2378,1385
3477,1385
3603,1385
3985,1385
4013,1385
4014,1385
4132,1385
4239,1385
4677,1385
4678,1385
5400,1385
5508,1385
6141,1385
6359,1385
6368,1385
6388,1385
6389,1385
6390,1385
6473,1385
6474,1385
7193,1385
8831,1385
8857,1385
9136,1385
9223,1385
10212,1385
11111,1385
11177,1385
11178,1385
11417,1385
11418,1385
11419,1385
11999,1385
9323,1386
3595,1387
8884,1387
3595,1388
8884,1388
9579,1389
9580,1389
4399,1390
10827,1393
5278,1394
6712,1394
5281,1395
5565,1395
9604,1395
5278,1396
6712,1396
5124,1397
5281,1397
5565,1397
9604,1397
5281,1398
5565,1398
9604,1398
5565,1399
5565,1400
9604,1400
1170,1401
1256,1401
1636,1401
1763,1401
1764,1401
2700,1401
3739,1401
3740,1401
6710,1401
7374,1401
7375,1401
8709,1401
8710,1401
8711,1401
8712,1401
8713,1401
8714,1401
10209,1401
10308,1401
10309,1401
11488,1401
11488,1402
4053,1403
5408,1411
6493,1411
10630,1411
11327,1411
5408,1412
6493,1412
1749,1413
3136,1413
5408,1413
6493,1413
11327,1413
5207,1416
5733,1416
7630,1416
4940,1417
7164,1417
12055,1417
12061,1417
1417,1418
1452,1418
1476,1418
1861,1418
1862,1418
1875,1418
1903,1418
1904,1418
1905,1418
1906,1418
2148,1418
2796,1418
3396,1418
3400,1418
3752,1418
3753,1418
3754,1418
3755,1418
3867,1418
3868,1418
3869,1418
5082,1418
5083,1418
5185,1418
5494,1418
5495,1418
5579,1418
5580,1418
5581,1418
5582,1418
5622,1418
5765,1418
6831,1418
7112,1418
7911,1418
7912,1418
8754,1418
8755,1418
8844,1418
8845,1418
8846,1418
8847,1418
9124,1418
9125,1418
9895,1418
11971,1418
11972,1418
11973,1418
11974,1418
12347,1418
5113,1420
9230,1424
9231,1424
9232,1424
9273,1424
303,1425
1126,1425
1925,1425
1989,1425
2369,1425
3290,1425
3291,1425
3543,1425
4973,1425
6729,1425
6770,1425
7481,1425
7554,1425
7567,1425
8382,1425
8924,1425
9347,1425
9629,1425
9630,1425
9671,1425
10140,1425
10141,1425
10333,1425
10440,1425
1126,1426
1925,1426
1989,1426
2369,1426
2414,1426
3122,1426
3289,1426
3602,1426
3623,1426
3856,1426
4973,1426
5325,1426
5432,1426
6729,1426
6770,1426
7554,1426
7880,1426
8221,1426
8319,1426
8412,1426
8924,1426
9188,1426
9347,1426
9375,1426
9604,1426
9629,1426
9630,1426
9631,1426
9632,1426
9671,1426
10040,1426
10075,1426
10333,1426
10508,1426
10527,1426
11164,1426
11165,1426
11166,1426
164,1427
1989,1427
2369,1427
2414,1427
3122,1427
3290,1427
3291,1427
3543,1427
3856,1427
4973,1427
5553,1427
6729,1427
6770,1427
7191,1427
7554,1427
8382,1427
8749,1427
8750,1427
8924,1427
9629,1427
9630,1427
9631,1427
9632,1427
9671,1427
10040,1427
10140,1427
10141,1427
303,1428
1126,1428
1925,1428
1989,1428
2369,1428
3290,1428
3291,1428
3543,1428
6729,1428
6770,1428
7481,1428
7554,1428
7567,1428
8382,1428
8924,1428
9347,1428
9629,1428
9630,1428
9671,1428
10140,1428
10141,1428
10333,1428
6729,1429
8412,1429
9629,1429
9630,1429
9671,1429
164,1430
1126,1430
1925,1430
1989,1430
2369,1430
2414,1430
3122,1430
3289,1430
3290,1430
3291,1430
3543,1430
3602,1430
3623,1430
3856,1430
4973,1430
5325,1430
5432,1430
5553,1430
6729,1430
6770,1430
7191,1430
7554,1430
7880,1430
8221,1430
8319,1430
8382,1430
8412,1430
8749,1430
8750,1430
8924,1430
9188,1430
9347,1430
9375,1430
9604,1430
9629,1430
9630,1430
9631,1430
9632,1430
9671,1430
10040,1430
10075,1430
10140,1430
10141,1430
10333,1430
10508,1430
10527,1430
11164,1430
11165,1430
11166,1430
303,1431
305,1431
1126,1431
1179,1431
6729,1431
6770,1431
7481,1431
7554,1431
8924,1431
9347,1431
9629,1431
9630,1431
10040,1431
6729,1432
8412,1432
9629,1432
9630,1432
9671,1432
164,1433
1126,1433
1925,1433
1989,1433
2369,1433
2414,1433
3122,1433
3289,1433
3290,1433
3291,1433
3543,1433
3602,1433
3623,1433
3856,1433
4973,1433
5325,1433
5432,1433
5553,1433
6729,1433
6770,1433
7191,1433
7554,1433
7880,1433
8221,1433
8319,1433
8382,1433
8412,1433
8749,1433
8750,1433
8924,1433
9188,1433
9347,1433
9375,1433
9604,1433
9629,1433
9630,1433
9631,1433
9632,1433
9671,1433
10040,1433
10075,1433
10333,1433
10508,1433
10527,1433
11164,1433
11165,1433
11166,1433
303,1434
305,1434
1126,1434
1179,1434
1925,1434
1989,1434
2369,1434
3290,1434
3291,1434
3543,1434
4973,1434
6729,1434
6770,1434
7481,1434
7554,1434
8382,1434
8924,1434
9347,1434
9629,1434
9630,1434
10040,1434
10333,1434
6729,1435
8412,1435
9629,1435
9630,1435
9671,1435
164,1436
1126,1436
1925,1436
1989,1436
2369,1436
2414,1436
3122,1436
3289,1436
3290,1436
3291,1436
3543,1436
3602,1436
3623,1436
3856,1436
4973,1436
5325,1436
5432,1436
5553,1436
6729,1436
6770,1436
7191,1436
7554,1436
7880,1436
8221,1436
8319,1436
8382,1436
8412,1436
8749,1436
8750,1436
8924,1436
9188,1436
9347,1436
9375,1436
9604,1436
9629,1436
9630,1436
9631,1436
9632,1436
9671,1436
10040,1436
10075,1436
10333,1436
10508,1436
10527,1436
11164,1436
11165,1436
11166,1436
1224,1437
7137,1437
7148,1437
8362,1437
9041,1437
9250,1437
9371,1437
9375,1437
1820,1438
1925,1438
1939,1438
2369,1438
2418,1438
4973,1438
6729,1438
7554,1438
7693,1438
7694,1438
7695,1438
7696,1438
7697,1438
7698,1438
7699,1438
7700,1438
7701,1438
7702,1438
7703,1438
7704,1438
7705,1438
7706,1438
8924,1438
9347,1438
9629,1438
9630,1438
9671,1438
10140,1438
10141,1438
1925,1439
1938,1439
1939,1439
2369,1439
2414,1439
3034,1439
3035,1439
3289,1439
3290,1439
3291,1439
3543,1439
3623,1439
4972,1439
4973,1439
5009,1439
5458,1439
5969,1439
6729,1439
6770,1439
7191,1439
8319,1439
8382,1439
8412,1439
8924,1439
9347,1439
9629,1439
9630,1439
10040,1439
10071,1439
10140,1439
10141,1439
10333,1439
10508,1439
1925,1440
1939,1440
2369,1440
4973,1440
6729,1440
7554,1440
8924,1440
9347,1440
1925,1441
1938,1441
1939,1441
2369,1441
2414,1441
3034,1441
3035,1441
3623,1441
4973,1441
5458,1441
5969,1441
6729,1441
6770,1441
8319,1441
8412,1441
8924,1441
9347,1441
9629,1441
9630,1441
10071,1441
10333,1441
10508,1441
1925,1443
2369,1443
4973,1443
6729,1443
8924,1443
9347,1443
1925,1444
1938,1444
1939,1444
2369,1444
2414,1444
3034,1444
3035,1444
3623,1444
4972,1444
4973,1444
5299,1444
5458,1444
5969,1444
6729,1444
6770,1444
8319,1444
8412,1444
8924,1444
9135,1444
9347,1444
9629,1444
9630,1444
10040,1444
10071,1444
10333,1444
10508,1444
6729,1445
7554,1445
8924,1445
9347,1445
1925,1446
1938,1446
1939,1446
2369,1446
2414,1446
3034,1446
3035,1446
3623,1446
4973,1446
5458,1446
5969,1446
6729,1446
6770,1446
8319,1446
8412,1446
8924,1446
9347,1446
9629,1446
9630,1446
10333,1446
10508,1446
1925,1447
2369,1447
3290,1447
3291,1447
3543,1447
4973,1447
6729,1447
7554,1447
8382,1447
8924,1447
9347,1447
9630,1447
10040,1447
10333,1447
1925,1448
1938,1448
1939,1448
2369,1448
2414,1448
3034,1448
3035,1448
3623,1448
4973,1448
5969,1448
6729,1448
6770,1448
8319,1448
8412,1448
8924,1448
9347,1448
9629,1448
9630,1448
10333,1448
10508,1448
260,1449
1560,1449
4933,1449
10771,1449
4532,1450
4874,1450
4532,1451
4532,1452
4532,1453
4874,1453
6305,1454
10077,1454
1925,1455
2029,1455
2369,1455
3587,1455
4803,1455
5390,1455
6601,1455
6605,1455
7339,1455
7926,1455
7927,1455
8412,1455
10071,1455
8412,1456
8920,1456
9671,1456
701,1457
1068,1457
1823,1457
1925,1457
2069,1457
2369,1457
4337,1457
5212,1457
5353,1457
5761,1457
6601,1457
7926,1457
7927,1457
8048,1457
8049,1457
8412,1457
10071,1457
1053,1458
1925,1458
2369,1458
2435,1458
3178,1458
3630,1458
4328,1458
4337,1458
4823,1458
4824,1458
5174,1458
5390,1458
6519,1458
7982,1458
8176,1458
8746,1458
8769,1458
10219,1458
10266,1458
11503,1458
383,1459
1925,1459
2369,1459
3178,1459
3630,1459
4328,1459
4337,1459
4823,1459
4824,1459
4885,1459
4924,1459
5300,1459
5887,1459
6362,1459
6501,1459
7225,1459
7226,1459
7227,1459
8405,1459
8768,1459
8932,1459
10136,1459
11503,1459
1925,1460
4328,1460
4823,1460
4824,1460
5390,1460
7982,1460
8746,1460
8412,1461
8920,1461
9671,1461
383,1462
1925,1462
2369,1462
3178,1462
3630,1462
4328,1462
4337,1462
4823,1462
4824,1462
4885,1462
4924,1462
5887,1462
7225,1462
7226,1462
7227,1462
8405,1462
8932,1462
10071,1462
10219,1462
11503,1462
1082,1463
1083,1463
1084,1463
1085,1463
1269,1463
1270,1463
1443,1463
1517,1463
1518,1463
1769,1463
1853,1463
1854,1463
1925,1463
2187,1463
2369,1463
3156,1463
3826,1463
3925,1463
4459,1463
4803,1463
4993,1463
4994,1463
4995,1463
5080,1463
5637,1463
5776,1463
6380,1463
6578,1463
6884,1463
6885,1463
8854,1463
9543,1463
9544,1463
10554,1463
10556,1463
11197,1463
11584,1463
11766,1463
11790,1463
11944,1463
12192,1463
12203,1463
12207,1463
12208,1463
12209,1463
12217,1463
12277,1463
12372,1463
1030,1464
1269,1464
1853,1464
1854,1464
2187,1464
2369,1464
3890,1464
3925,1464
3926,1464
4337,1464
4459,1464
4803,1464
6578,1464
9543,1464
10553,1464
10554,1464
10555,1464
10556,1464
11766,1464
11790,1464
12207,1464
12277,1464
68,1465
1152,1465
1921,1465
2126,1465
2127,1465
2201,1465
2400,1465
2733,1465
3897,1465
3913,1465
4656,1465
4688,1465
4804,1465
4943,1465
5390,1465
5562,1465
5683,1465
6697,1465
6698,1465
7205,1465
7513,1465
7804,1465
7805,1465
7806,1465
7807,1465
8412,1465
8739,1465
9300,1465
9307,1465
9318,1465
9319,1465
9320,1465
9335,1465
9389,1465
9627,1465
9949,1465
10057,1465
10512,1465
10513,1465
10702,1465
10805,1465
10806,1465
10807,1465
10808,1465
10837,1465
11293,1465
11294,1465
12266,1465
12298,1465
12332,1465
68,1466
307,1466
769,1466
883,1466
925,1466
1068,1466
1267,1466
1461,1466
1580,1466
1823,1466
2127,1466
2201,1466
2280,1466
2400,1466
2733,1466
3672,1466
3897,1466
3950,1466
4804,1466
4866,1466
4943,1466
5899,1466
6697,1466
6698,1466
6746,1466
6747,1466
7207,1466
7319,1466
7513,1466
7804,1466
7805,1466
7806,1466
7807,1466
8169,1466
8170,1466
8171,1466
8172,1466
8412,1466
8739,1466
9300,1466
9307,1466
9318,1466
9319,1466
9320,1466
9335,1466
9358,1466
9385,1466
9389,1466
10071,1466
10837,1466
1925,1467
5390,1467
9543,1467
9544,1467
2369,1468
4337,1468
4459,1468
9543,1468
11088,1468
8412,1469
8920,1469
9671,1469
4337,1470
11088,1470
2369,1471
9543,1471
9544,1471
2369,1472
8412,1472
8920,1472
9543,1472
9671,1472
2369,1473
9543,1473
11088,1473
3522,1474
5855,1476
11830,1476
4816,1477
12009,1477
3042,1480
6664,1480
7140,1481
4055,1482
4709,1482
319,1483
429,1483
450,1483
516,1483
673,1483
785,1483
819,1483
2433,1483
2817,1483
2935,1483
3533,1483
3561,1483
3920,1483
4257,1483
4281,1483
4461,1483
4462,1483
4530,1483
4546,1483
4788,1483
5826,1483
5886,1483
6217,1483
7049,1483
7173,1483
7368,1483
7387,1483
7543,1483
7544,1483
7720,1483
7764,1483
7794,1483
7872,1483
7873,1483
7883,1483
8023,1483
8024,1483
8878,1483
8883,1483
9139,1483
9355,1483
9373,1483
9386,1483
9403,1483
9705,1483
9820,1483
10516,1483
10777,1483
10890,1483
11844,1483
546,1484
558,1484
562,1484
959,1484
991,1484
1094,1484
1219,1484
2433,1484
4267,1484
5985,1484
6049,1484
6217,1484
7173,1484
8001,1484
9392,1484
11127,1484
11199,1484
11559,1484
11585,1484
11751,1484
11844,1484
11975,1484
11976,1484
11977,1484
11978,1484
11979,1484
11982,1484
11983,1484
11984,1484
11985,1484
11986,1484
11987,1484
11990,1484
11994,1484
11998,1484
12015,1484
12016,1484
12017,1484
12018,1484
12019,1484
12020,1484
12021,1484
12023,1484
12024,1484
12025,1484
12026,1484
12028,1484
12029,1484
12038,1484
12039,1484
6984,1485
63,1488
4625,1488
4368,1490
4369,1490
4625,1491
63,1492
4625,1492
4901,1494
2567,1496
647,1497
1330,1497
3271,1497
4443,1497
6579,1497
7607,1497
144,1498
385,1498
3969,1498
8886,1498
9911,1498
9912,1498
10705,1498
3969,1499
144,1500
385,1500
3969,1500
5158,1500
8886,1500
9911,1500
9912,1500
10705,1500
8886,1501
1,1502
96,1502
965,1502
1000,1502
1149,1502
1435,1502
3067,1502
4439,1502
4932,1502
5404,1502
5503,1502
5744,1502
5745,1502
5910,1502
6448,1502
6834,1502
9130,1502
10023,1502
10024,1502
10785,1502
10798,1502
11225,1502
96,1503
10798,1503
96,1504
522,1504
5388,1504
5915,1504
6448,1504
6834,1504
7656,1504
7657,1504
7658,1504
7659,1504
9416,1504
1,1505
3067,1505
1676,1507
2287,1507
2432,1507
2638,1507
4216,1507
4257,1507
4277,1507
4407,1507
4874,1507
6725,1507
7195,1507
7570,1507
9207,1507
9402,1507
9405,1507
9406,1507
9407,1507
9534,1507
9700,1507
9701,1507
9855,1507
9975,1507
10019,1507
10370,1507
11343,1507
11344,1507
11834,1507
12258,1507
4181,1508
1554,1509
4181,1509
1554,1510
4181,1510
2398,1511
2437,1511
2628,1511
3351,1511
4300,1511
4304,1511
4319,1511
4581,1511
4598,1511
5602,1511
6025,1511
7176,1511
7475,1511
7571,1511
8006,1511
8007,1511
8081,1511
9291,1511
9889,1511
11698,1511
11795,1511
11808,1511
2398,1512
2437,1512
2628,1512
3351,1512
4300,1512
4304,1512
4319,1512
4581,1512
5602,1512
6025,1512
7176,1512
7475,1512
7571,1512
8006,1512
8007,1512
8081,1512
8801,1512
9291,1512
9889,1512
11795,1512
6025,1513
9291,1514
147,1515
1114,1515
1163,1515
1212,1515
1912,1515
2398,1515
2437,1515
2628,1515
3351,1515
3669,1515
4300,1515
4304,1515
4318,1515
4319,1515
4325,1515
4581,1515
4597,1515
4598,1515
5602,1515
5664,1515
5739,1515
6025,1515
7176,1515
7198,1515
7475,1515
7571,1515
7744,1515
7748,1515
8006,1515
8007,1515
8081,1515
8801,1515
8990,1515
8991,1515
9291,1515
9507,1515
9511,1515
9889,1515
10390,1515
10518,1515
10823,1515
10841,1515
11202,1515
11653,1515
11698,1515
11723,1515
11724,1515
11795,1515
11808,1515
2628,1516
6025,1516
7475,1516
2628,1517
4581,1517
4597,1517
5602,1517
6025,1517
7176,1517
8080,1517
8081,1517
9291,1518
147,1519
1114,1519
1163,1519
1912,1519
2398,1519
2437,1519
2628,1519
3351,1519
4300,1519
4304,1519
4318,1519
4319,1519
4325,1519
4581,1519
4597,1519
4598,1519
5462,1519
5602,1519
5664,1519
5739,1519
6025,1519
7176,1519
7475,1519
7571,1519
7744,1519
7748,1519
8006,1519
8007,1519
8081,1519
8801,1519
8990,1519
8991,1519
9291,1519
9889,1519
10390,1519
10841,1519
11698,1519
11795,1519
11808,1519
6025,1520
9291,1521
147,1522
1114,1522
1163,1522
1912,1522
1927,1522
2398,1522
2437,1522
2628,1522
3351,1522
3669,1522
4300,1522
4304,1522
4318,1522
4319,1522
4325,1522
4581,1522
4597,1522
4598,1522
5602,1522
5664,1522
5739,1522
6025,1522
7176,1522
7475,1522
7571,1522
8006,1522
8007,1522
8081,1522
8801,1522
8990,1522
9291,1522
9889,1522
10390,1522
11698,1522
11795,1522
11808,1522
6025,1523
2628,1524
4581,1524
4597,1524
5602,1524
6025,1524
7176,1524
8080,1524
8081,1524
9291,1525
2398,1526
2437,1526
2628,1526
3351,1526
3669,1526
3670,1526
4300,1526
4304,1526
4318,1526
4319,1526
4581,1526
4598,1526
5462,1526
5602,1526
6025,1526
7176,1526
7475,1526
7571,1526
7980,1526
8006,1526
8007,1526
8081,1526
9291,1526
9889,1526
10390,1526
10518,1526
11795,1526
11808,1526
12084,1526
2628,1527
4581,1527
4597,1527
5602,1527
6025,1527
7176,1527
8080,1527
8081,1527
2398,1528
2437,1528
2628,1528
3351,1528
4300,1528
4304,1528
4318,1528
4319,1528
4581,1528
4597,1528
4598,1528
5462,1528
5602,1528
6025,1528
7176,1528
7475,1528
7571,1528
7980,1528
8006,1528
8007,1528
8081,1528
9291,1528
9889,1528
10390,1528
11795,1528
11808,1528
12084,1528
6025,1529
2398,1530
2437,1530
2628,1530
3351,1530
3669,1530
3670,1530
4300,1530
4304,1530
4318,1530
4319,1530
4581,1530
4597,1530
4598,1530
5602,1530
5664,1530
5739,1530
6025,1530
6592,1530
7176,1530
7475,1530
7571,1530
8006,1530
8007,1530
8081,1530
9291,1530
9889,1530
10390,1530
11202,1530
11653,1530
11698,1530
11723,1530
11724,1530
11795,1530
11808,1530
12317,1530
6025,1531
2398,1532
2437,1532
2628,1532
3351,1532
4300,1532
4304,1532
4318,1532
4319,1532
4581,1532
4598,1532
5462,1532
5602,1532
6025,1532
7176,1532
7475,1532
7571,1532
7980,1532
8006,1532
8007,1532
8081,1532
9291,1532
9889,1532
10390,1532
11795,1532
11808,1532
12084,1532
6025,1533
2628,1534
4581,1534
4597,1534
5602,1534
6025,1534
7176,1534
8080,1534
8081,1534
2398,1535
2437,1535
2628,1535
3351,1535
4300,1535
4304,1535
4318,1535
4319,1535
4581,1535
4597,1535
4598,1535
5602,1535
5739,1535
6025,1535
7176,1535
7475,1535
7571,1535
8006,1535
8007,1535
8081,1535
9291,1535
9889,1535
10390,1535
10918,1535
11698,1535
11795,1535
11808,1535
6025,1536
2398,1537
2437,1537
2628,1537
3351,1537
4300,1537
4304,1537
4318,1537
4319,1537
4581,1537
4598,1537
5602,1537
6025,1537
7176,1537
7475,1537
7571,1537
7980,1537
8006,1537
8007,1537
8081,1537
9291,1537
9889,1537
10390,1537
11795,1537
11808,1537
12084,1537
6025,1538
2628,1539
6025,1539
9291,1539
884,1540
885,1540
886,1540
3049,1540
3052,1540
5258,1540
7506,1540
1305,1542
1847,1542
2425,1544
5289,1544
8601,1544
8848,1544
11263,1544
11436,1544
2432,1545
4257,1545
2432,1546
4689,1546
4874,1546
2432,1547
4874,1547
12215,1547
2432,1548
4874,1548
4878,1548
1835,1549
1836,1549
1837,1549
1838,1549
1917,1549
1918,1549
3789,1549
4831,1549
87,1555
2577,1555
2579,1555
3116,1555
4059,1555
4149,1555
4219,1555
4401,1555
4725,1555
4760,1555
4938,1555
5177,1555
5276,1555
5280,1555
5457,1555
6655,1555
6778,1555
6934,1555
9030,1555
10131,1555
10192,1555
10193,1555
11046,1555
4219,1557
2579,1558
3116,1558
4059,1558
4149,1558
4219,1558
4401,1558
4725,1558
4726,1558
5178,1558
5276,1558
5280,1558
6777,1558
6778,1558
6779,1558
6934,1558
6951,1558
8719,1558
8876,1558
9030,1558
9915,1558
10146,1558
10192,1558
10193,1558
10377,1558
10470,1558
10471,1558
11056,1558
11057,1558
4078,1560
9902,1560
9903,1560
9902,1561
9903,1561
364,1562
3124,1562
7464,1562
672,1563
997,1563
1088,1563
4209,1563
4667,1563
5020,1563
9145,1563
1328,1564
1353,1564
3426,1564
5324,1564
7485,1564
2365,1567
2750,1567
2944,1567
2991,1567
3012,1567
3845,1567
11370,1567
1870,1568
2163,1568
3782,1568
4848,1568
20,1569
97,1569
106,1569
1961,1569
2614,1569
3165,1569
10289,1569
59,1570
106,1570
121,1570
170,1570
233,1570
301,1570
351,1570
840,1570
841,1570
1530,1570
1546,1570
1549,1570
1606,1570
1655,1570
2031,1570
2249,1570
2370,1570
2498,1570
2614,1570
3124,1570
3164,1570
3236,1570
3524,1570
4066,1570
4223,1570
4334,1570
4389,1570
4861,1570
5103,1570
7094,1570
7264,1570
7428,1570
7620,1570
9472,1570
9473,1570
9485,1570
9549,1570
9605,1570
9650,1570
9849,1570
9850,1570
9906,1570
10793,1570
11253,1570
11319,1570
11539,1570
11763,1570
11801,1570
12130,1570
12348,1570
20,1571
174,1571
394,1571
395,1571
689,1571
840,1571
841,1571
1530,1571
1535,1571
1545,1571
1555,1571
1606,1571
2030,1571
2046,1571
2490,1571
2501,1571
2502,1571
2506,1571
3145,1571
8720,1571
9536,1571
9605,1571
9606,1571
10000,1571
10001,1571
10713,1571
12099,1571
20,1572
9344,1572
9378,1572
9383,1572
192,1573
3124,1573
3236,1573
4334,1573
5103,1573
7264,1573
7307,1573
7619,1573
7620,1573
7622,1573
8661,1573
9344,1573
9383,1573
9650,1573
9849,1573
11327,1573
11763,1573
20,1574
394,1574
3145,1574
9605,1574
363,1575
3589,1575
8185,1575
8882,1575
8931,1575
9929,1575
10059,1575
11169,1575
363,1576
1009,1576
1493,1576
2494,1576
2495,1576
2552,1576
2662,1576
3124,1576
3194,1576
3236,1576
3589,1576
4306,1576
4815,1576
5103,1576
5965,1576
7264,1576
7307,1576
7464,1576
7619,1576
7620,1576
7622,1576
7682,1576
7878,1576
8576,1576
8579,1576
8655,1576
8661,1576
8921,1576
9017,1576
9018,1576
9021,1576
9022,1576
9650,1576
9849,1576
9875,1576
9876,1576
9893,1576
9929,1576
9978,1576
10511,1576
10793,1576
10916,1576
11092,1576
11169,1576
11198,1576
11378,1576
11576,1576
11705,1576
12014,1576
3589,1577
5965,1577
7264,1577
8921,1577
9383,1577
20,1578
394,1578
1009,1578
1342,1578
1383,1578
2593,1578
2662,1578
3124,1578
3145,1578
4306,1578
5103,1578
5965,1578
6793,1578
7264,1578
7617,1578
7618,1578
7619,1578
7620,1578
7621,1578
7622,1578
7682,1578
7683,1578
7684,1578
7774,1578
7878,1578
8317,1578
8501,1578
8502,1578
8579,1578
8882,1578
8921,1578
9031,1578
9105,1578
9605,1578
9650,1578
9929,1578
10793,1578
10916,1578
11059,1578
11169,1578
11647,1578
11705,1578
11763,1578
11781,1578
192,1579
838,1579
1096,1579
1201,1579
1253,1579
1493,1579
3124,1579
3566,1579
3589,1579
3967,1579
5103,1579
5881,1579
5965,1579
7264,1579
7307,1579
7318,1579
7661,1579
7662,1579
7663,1579
7664,1579
7665,1579
7666,1579
7692,1579
8057,1579
8256,1579
8576,1579
8579,1579
8655,1579
8661,1579
8921,1579
9021,1579
9022,1579
9605,1579
9613,1579
9639,1579
9649,1579
9650,1579
9652,1579
9658,1579
9677,1579
9893,1579
9929,1579
10329,1579
10511,1579
10606,1579
10793,1579
10891,1579
11595,1579
12136,1579
9383,1580
20,1581
394,1581
3145,1581
7666,1581
9383,1581
9605,1581
9650,1581
11086,1581
11354,1581
11747,1581
11763,1581
2524,1582
2525,1582
691,1583
717,1583
1137,1583
1364,1583
1395,1583
1832,1583
1833,1583
1834,1583
1842,1583
2230,1583
2296,1583
2925,1583
3478,1583
3600,1583
5529,1583
5545,1583
6515,1583
6553,1583
6709,1583
6825,1583
6847,1583
7602,1583
8064,1583
9000,1583
9001,1583
9002,1583
9004,1583
9167,1583
9765,1583
11229,1583
11840,1583
12069,1583
12218,1583
12344,1583
12375,1583
12376,1583
6515,1584
1832,1585
1833,1585
1834,1585
1842,1585
2230,1585
3478,1585
4843,1585
5529,1585
6515,1585
6825,1585
7253,1585
7602,1585
8064,1585
9000,1585
9001,1585
9002,1585
9003,1585
9004,1585
9298,1585
9669,1585
9765,1585
11229,1585
11456,1585
11465,1585
12069,1585
5529,1586
6709,1586
7602,1586
9593,1587
6709,1590
7602,1590
9000,1590
9000,1591
2389,1592
4860,1592
10036,1592
1481,1593
1482,1593
1461,1594
3689,1594
4294,1594
4945,1594
6201,1594
8767,1594
9492,1594
9709,1594
11065,1594
11662,1594
656,1597
882,1597
933,1597
984,1597
1065,1597
1093,1597
1276,1597
1283,1597
1351,1597
1431,1597
1896,1597
2184,1597
2826,1597
3386,1597
3701,1597
3781,1597
4679,1597
5726,1597
5780,1597
6066,1597
6073,1597
6923,1597
7111,1597
7141,1597
8836,1597
8837,1597
9417,1597
9728,1597
10055,1597
10422,1597
10745,1597
11412,1597
11420,1597
11421,1597
11422,1597
11423,1597
11424,1597
11444,1597
11508,1597
11592,1597
11659,1597
11660,1597
11759,1597
11833,1597
11835,1597
11854,1597
11945,1597
11947,1597
11954,1597
11955,1597
656,1598
933,1598
1065,1598
1093,1598
1230,1598
1276,1598
1351,1598
1430,1598
1431,1598
1896,1598
3853,1598
6340,1598
6805,1598
7581,1598
8888,1598
10422,1598
11412,1598
11420,1598
11444,1598
11592,1598
11954,1598
11955,1598
2082,1599
3737,1599
5401,1599
5995,1599
9053,1599
9206,1599
10422,1599
11420,1599
11649,1599
11775,1599
88,1600
448,1600
515,1600
658,1600
787,1600
789,1600
790,1600
864,1600
881,1600
916,1600
1018,1600
1228,1600
1308,1600
1309,1600
1387,1600
1393,1600
1406,1600
1510,1600
1986,1600
2332,1600
2333,1600
2744,1600
2805,1600
2962,1600
3615,1600
4599,1600
5025,1600
5026,1600
5027,1600
5029,1600
5317,1600
5342,1600
5461,1600
5498,1600
5546,1600
5593,1600
5661,1600
5673,1600
6298,1600
6998,1600
7095,1600
9247,1600
9316,1600
9354,1600
10929,1600
10930,1600
10931,1600
10932,1600
11541,1600
11896,1600
881,1601
1018,1601
11896,1601
308,1604
308,1605
308,1606
308,1607
308,1608
308,1609
276,1610
700,1610
1674,1610
3834,1610
3858,1610
3943,1610
5907,1610
6909,1610
7523,1610
7524,1610
7525,1610
7526,1610
7527,1610
7528,1610
7529,1610
9449,1610
9450,1610
9495,1610
9675,1610
9786,1610
9842,1610
10117,1610
10120,1610
10128,1610
4874,1611
1892,1612
1893,1612
1894,1612
1895,1612
5655,1612
5656,1612
2841,1613
9057,1615
333,1618
570,1618
571,1618
2056,1618
2057,1618
2058,1618
2059,1618
2060,1618
2061,1618
2062,1618
2063,1618
2064,1618
2065,1618
2088,1618
2094,1618
2355,1618
3051,1618
3311,1618
3312,1618
3324,1618
4257,1618
4315,1618
4868,1618
4874,1618
6498,1618
7092,1618
7431,1618
7737,1618
7741,1618
8593,1618
8669,1618
8738,1618
8870,1618
8980,1618
9064,1618
9181,1618
9254,1618
9276,1618
9672,1618
10812,1618
11464,1618
11466,1618
11819,1618
11822,1618
11989,1618
12146,1618
12158,1618
6498,1619
11822,1619
1118,1621
1250,1621
1705,1621
1827,1621
3783,1621
5530,1621
6077,1621
6546,1621
7505,1621
8597,1621
8598,1621
8599,1621
8600,1621
310,1624
542,1624
2404,1624
4257,1624
4874,1624
7341,1624
7713,1624
7714,1624
8657,1624
10567,1624
310,1625
542,1625
716,1625
748,1625
2066,1625
2067,1625
2404,1625
3148,1625
3327,1625
3554,1625
3573,1625
3611,1625
3819,1625
4257,1625
4291,1625
4855,1625
4864,1625
5922,1625
6495,1625
7091,1625
7100,1625
7195,1625
7341,1625
7839,1625
8135,1625
8136,1625
8137,1625
8657,1625
8779,1625
8780,1625
9177,1625
9656,1625
9923,1625
10567,1625
11627,1625
4257,1626
4277,1626
4315,1626
4788,1626
4874,1626
9406,1626
9407,1626
9820,1626
7782,1627
7782,1628
7782,1631
5182,1632
61,1633
117,1633
122,1633
1656,1633
8571,1633
10770,1633
11497,1633
4638,1635
92,1636
4893,1636
5263,1636
8339,1636
9884,1636
7105,1637
92,1638
711,1638
988,1638
3523,1638
3893,1638
4893,1638
5263,1638
7539,1638
7540,1638
7541,1638
8339,1638
9884,1638
11426,1638
7105,1639
9952,1640
6300,1641
6300,1642
11800,1643
506,1644
508,1644
509,1644
510,1644
545,1644
551,1644
555,1644
652,1644
723,1644
760,1644
788,1644
811,1644
812,1644
813,1644
814,1644
815,1644
852,1644
1086,1644
1102,1644
1104,1644
1168,1644
1194,1644
1195,1644
1206,1644
1216,1644
1453,1644
1768,1644
1826,1644
1888,1644
1889,1644
2172,1644
2173,1644
2238,1644
2263,1644
3793,1644
5446,1644
5447,1644
5624,1644
5625,1644
5674,1644
5675,1644
6812,1644
6813,1644
8957,1644
8958,1644
9258,1644
9667,1644
9754,1644
10799,1644
12089,1644
5260,1645
4257,1646
4315,1646
4874,1646
6508,1646
9406,1646
9407,1646
10019,1646
12219,1646
366,1647
1584,1647
1585,1647
2406,1647
2432,1647
3311,1647
4257,1647
4315,1647
4609,1647
4874,1647
6498,1647
9064,1647
9406,1647
9407,1647
9672,1647
9702,1647
10011,1647
11324,1647
11464,1647
11466,1647
11643,1647
11819,1647
11989,1647
12182,1647
12354,1647
4257,1648
12182,1649
10253,1651
10254,1651
10295,1651
10296,1651
10253,1653
10254,1653
10295,1653
10296,1653
10253,1654
10254,1654
10295,1654
10296,1654
4874,1655
4878,1655
9163,1655
4257,1656
4281,1656
4315,1656
4788,1656
4874,1656
4878,1656
6957,1656
9405,1656
9406,1656
9407,1656
9534,1656
10370,1656
4257,1657
5778,1657
6918,1657
9163,1657
9975,1657
10869,1657
12059,1657
12220,1657
300,1658
342,1658
1528,1658
1686,1658
4802,1658
4982,1658
4983,1658
7654,1658
7783,1658
9340,1658
9377,1658
1527,1659
1528,1659
342,1660
4802,1660
4982,1660
4983,1660
1527,1661
1528,1661
9537,1662
9891,1662
2170,1663
2171,1663
9179,1663
2580,1664
4074,1664
4184,1664
4716,1664
4719,1664
4723,1664
4745,1664
4818,1664
6979,1664
7427,1664
7708,1664
9070,1664
1061,1666
1232,1666
2412,1666
4753,1666
6148,1666
7778,1666
8173,1666
9255,1666
9345,1666
9611,1666
10906,1666
10908,1666
4745,1667
7708,1667
304,1668
700,1668
1674,1668
2611,1668
3834,1668
3858,1668
3943,1668
5121,1668
5907,1668
6909,1668
7523,1668
7524,1668
7525,1668
7526,1668
7527,1668
7528,1668
7529,1668
9138,1668
9449,1668
9450,1668
9495,1668
9675,1668
9786,1668
9842,1668
10117,1668
10120,1668
10128,1668
11126,1668
11793,1668
9138,1669
11793,1669
2412,1670
2412,1671
4745,1671
304,1673
1674,1673
2611,1673
5907,1673
7529,1673
2580,1674
4074,1674
4184,1674
4716,1674
4719,1674
4723,1674
4745,1674
4818,1674
6979,1674
7427,1674
7708,1674
9070,1674
1061,1677
1232,1677
2412,1677
4753,1677
6148,1677
7778,1677
8173,1677
9255,1677
9345,1677
9611,1677
10906,1677
10908,1677
1676,1678
4257,1678
4277,1678
4315,1678
4874,1678
9406,1678
9407,1678
10019,1678
10370,1678
11144,1678
7589,1679
10246,1679
10253,1679
10254,1679
10295,1679
10296,1679
12350,1679
12351,1679
7589,1680
10037,1680
10246,1680
10253,1680
10254,1680
10295,1680
10296,1680
12350,1680
12351,1680
10037,1681
10253,1681
10254,1681
10295,1681
10296,1681
7589,1682
10246,1682
10253,1682
10254,1682
10295,1682
10296,1682
12350,1682
12351,1682
7589,1683
10037,1683
10246,1683
10253,1683
10254,1683
10295,1683
10296,1683
12350,1683
12351,1683
10037,1684
10253,1684
10254,1684
10295,1684
10296,1684
7589,1685
7757,1685
10246,1685
10253,1685
10254,1685
10295,1685
10296,1685
12350,1685
12351,1685
12352,1685
12353,1685
7169,1686
7589,1686
7626,1686
7756,1686
10037,1686
10246,1686
10253,1686
10254,1686
10295,1686
10296,1686
12349,1686
12350,1686
12351,1686
10037,1687
10253,1687
10254,1687
10295,1687
10296,1687
3577,1688
4277,1688
4305,1688
4788,1688
4874,1688
4887,1688
7195,1688
9406,1688
9407,1688
9644,1688
11812,1688
11829,1688
12008,1688
12289,1688
7195,1689
1676,1690
4257,1690
4277,1690
4305,1690
4315,1690
4614,1690
4788,1690
4855,1690
4874,1690
7195,1690
7721,1690
8763,1690
8764,1690
8765,1690
9275,1690
9406,1690
9407,1690
9644,1690
9855,1690
10019,1690
10940,1690
11246,1690
11563,1690
11812,1690
11824,1690
11829,1690
11892,1690
12002,1690
12008,1690
12022,1690
12182,1690
12211,1690
12289,1690
12354,1690
1676,1691
2395,1691
2638,1691
3595,1691
4216,1691
4257,1691
4277,1691
4305,1691
4315,1691
4617,1691
4788,1691
4874,1691
4887,1691
5352,1691
6957,1691
7195,1691
7721,1691
8763,1691
8764,1691
8765,1691
9406,1691
9407,1691
9644,1691
10019,1691
10370,1691
11238,1691
11563,1691
11812,1691
11824,1691
11829,1691
12002,1691
12008,1691
12022,1691
12139,1691
12211,1691
12289,1691
12300,1691
4305,1692
12289,1692
3134,1693
6796,1693
8962,1693
12339,1693
3277,1696
4257,1696
3277,1698
7195,1698
1598,1700
3204,1700
3277,1700
4080,1700
4144,1700
4164,1700
4257,1700
4536,1700
245,1701
562,1701
1100,1701
1584,1701
1585,1701
1598,1701
3277,1701
3338,1701
4080,1701
4164,1701
4216,1701
4257,1701
4532,1701
4536,1701
4564,1701
5985,1701
6508,1701
7049,1701
7195,1701
7286,1701
8922,1701
9144,1701
9705,1701
10019,1701
10239,1701
10429,1701
10727,1701
11131,1701
11199,1701
4257,1702
3594,1703
4257,1703
6641,1703
1598,1704
3204,1704
3277,1704
4080,1704
4144,1704
4164,1704
4257,1704
4532,1704
4536,1704
245,1705
1584,1705
1585,1705
1598,1705
3277,1705
3338,1705
4080,1705
4164,1705
4216,1705
4257,1705
4532,1705
4536,1705
4564,1705
7049,1705
7195,1705
8922,1705
9144,1705
9705,1705
10019,1705
10239,1705
10429,1705
10727,1705
11131,1705
4257,1706
245,1707
1584,1707
1585,1707
1598,1707
3277,1707
3338,1707
4080,1707
4164,1707
4257,1707
4532,1707
4536,1707
4564,1707
7049,1707
7195,1707
9144,1707
9705,1707
10239,1707
10429,1707
10727,1707
11131,1707
733,1708
2342,1708
5126,1708
7072,1708
7073,1708
11669,1708
11851,1708
9272,1709
1676,1710
1685,1710
4257,1710
4267,1710
4874,1710
8922,1710
9392,1710
9406,1710
9407,1710
923,1711
2432,1711
4257,1711
4429,1711
4689,1711
4874,1711
7049,1711
8056,1711
9855,1711
11751,1711
11982,1711
12219,1711
4257,1712
923,1713
1676,1713
1685,1713
2287,1713
2638,1713
2840,1713
3284,1713
3663,1713
4257,1713
4267,1713
4281,1713
4429,1713
4689,1713
4874,1713
5659,1713
7035,1713
7049,1713
7792,1713
8056,1713
8873,1713
8922,1713
9268,1713
9392,1713
9406,1713
9407,1713
9411,1713
10019,1713
4257,1714
8873,1715
1676,1716
1685,1716
2840,1716
4257,1716
4267,1716
4281,1716
4407,1716
4788,1716
4874,1716
5352,1716
5659,1716
7035,1716
7049,1716
8056,1716
8922,1716
9392,1716
9406,1716
9407,1716
9534,1716
9855,1716
10019,1716
11064,1716
4257,1717
2840,1718
4257,1718
4788,1718
4874,1718
5352,1718
7049,1718
8056,1718
9406,1718
9407,1718
4257,1719
2840,1720
4257,1720
4788,1720
4874,1720
5659,1720
7049,1720
8056,1720
9406,1720
9407,1720
10019,1720
2840,1721
4788,1721
4874,1721
5659,1721
9406,1721
9407,1721
10019,1721
4035,1723
4216,1723
4257,1723
4305,1723
4874,1723
5352,1723
6957,1723
9406,1723
9407,1723
10019,1723
1676,1724
4216,1724
4257,1724
4315,1724
4874,1724
5352,1724
9406,1724
9407,1724
9975,1724
4257,1725
4874,1725
5352,1725
6957,1725
9406,1725
9407,1725
2438,1726
3595,1726
4035,1726
4216,1726
4257,1726
4874,1726
7047,1726
7049,1726
9406,1726
9407,1726
9820,1726
4257,1727
10429,1727
3595,1728
4257,1728
7047,1728
2438,1729
3595,1729
4035,1729
4216,1729
4257,1729
4874,1729
7047,1729
7049,1729
9406,1729
9407,1729
9820,1729
4257,1730
10429,1730
2438,1732
3204,1732
3593,1732
3594,1732
3595,1732
3655,1732
4035,1732
4216,1732
4257,1732
4534,1732
4535,1732
4874,1732
7047,1732
7049,1732
9406,1732
9407,1732
9897,1732
2438,1734
3595,1734
4035,1734
4216,1734
4257,1734
4874,1734
7047,1734
7049,1734
9406,1734
9407,1734
9975,1734
4257,1735
10429,1735
4035,1737
4216,1737
4257,1737
4874,1737
9406,1737
9407,1737
9820,1737
10019,1737
4680,1738
5032,1738
5218,1738
5326,1738
5874,1738
6014,1738
6146,1738
6575,1738
6847,1738
6960,1738
9729,1738
9812,1738
11175,1738
11548,1738
11681,1738
6847,1739
5799,1740
10900,1740
11825,1740
4145,1742
4195,1742
4891,1742
5060,1742
5616,1742
5799,1742
5923,1742
6214,1742
6604,1742
8652,1742
9311,1742
11825,1742
12227,1742
10900,1743
1386,1744
1760,1744
1761,1744
4383,1744
4385,1744
5456,1744
5799,1744
5821,1744
6196,1744
8652,1744
9294,1744
9522,1744
11825,1744
5799,1745
1386,1747
4383,1747
4385,1747
5456,1747
1527,1748
1528,1748
4802,1748
11825,1748
4998,1749
5552,1749
6608,1749
9856,1751
48,1752
53,1752
176,1752
233,1752
394,1752
1549,1752
1555,1752
1955,1752
2268,1752
2364,1752
2528,1752
2605,1752
2618,1752
2830,1752
3095,1752
3164,1752
4031,1752
4195,1752
4223,1752
4225,1752
4306,1752
4316,1752
4352,1752
4356,1752
4374,1752
4375,1752
4389,1752
4548,1752
4600,1752
5234,1752
6496,1752
7104,1752
7419,1752
7716,1752
7878,1752
8589,1752
9472,1752
9473,1752
9601,1752
9602,1752
9856,1752
11221,1752
11313,1752
11434,1752
11546,1752
11895,1752
11992,1752
12009,1752
12205,1752
12282,1752
752,1753
1142,1753
2849,1753
4856,1753
4909,1753
4929,1753
5111,1753
5112,1753
1735,1754
752,1755
1142,1755
2849,1755
4909,1755
4929,1755
5111,1755
5112,1755
1735,1756
752,1757
1142,1757
2849,1757
4909,1757
4929,1757
5111,1757
5112,1757
10165,1757
1242,1758
1718,1758
1735,1758
2266,1758
2849,1758
4856,1758
4909,1758
4929,1758
6794,1758
10165,1758
10166,1758
11683,1758
11684,1758
11936,1758
11937,1758
4195,1759
4280,1759
4891,1759
5318,1759
5601,1759
6065,1759
6214,1759
8652,1759
4998,1761
5552,1761
9856,1761
1623,1762
4998,1762
5552,1762
6608,1762
359,1763
945,1763
946,1763
2117,1763
359,1764
945,1764
946,1764
2117,1764
2538,1765
4531,1765
4609,1765
7595,1765
9932,1765
9933,1765
2371,1766
10865,1766
10866,1766
11080,1766
11470,1766
11471,1766
11472,1766
11473,1766
11859,1766
11860,1766
11861,1766
11862,1766
12202,1766
12318,1766
12319,1766
12320,1766
12321,1766
1334,1767
1334,1768
2672,1769
3595,1769
4257,1769
3277,1770
3278,1770
4257,1770
11188,1770
11929,1770
11933,1770
3277,1771
3278,1771
4216,1771
4257,1771
1110,1774
1111,1774
1203,1774
1204,1774
2012,1774
2013,1774
2053,1774
2160,1774
2161,1774
2209,1774
2861,1774
2941,1774
3539,1774
3659,1774
3686,1774
4415,1774
4442,1774
5410,1774
5411,1774
5464,1774
5732,1774
5782,1774
5793,1774
6230,1774
6409,1774
6420,1774
6859,1774
6865,1774
7323,1774
8702,1774
8818,1774
9039,1774
9219,1774
9221,1774
9882,1774
9883,1774
9954,1774
10755,1774
11085,1774
11230,1774
11452,1774
11577,1774
11767,1774
11784,1774
11788,1774
11855,1774
11857,1774
2694,1776
11786,1776
440,1779
4018,1779
4019,1779
9306,1779
238,1780
440,1780
2156,1780
4019,1780
4048,1780
4405,1780
5241,1780
5704,1780
5705,1780
5706,1780
5707,1780
6331,1780
606,1781
5485,1781
5487,1781
4018,1782
272,1784
296,1784
972,1784
1699,1784
2409,1784
2432,1784
3140,1784
3286,1784
3835,1784
4257,1784
4407,1784
4468,1784
4469,1784
4470,1784
4788,1784
4878,1784
4880,1784
4951,1784
5943,1784
6492,1784
6507,1784
6508,1784
7135,1784
7492,1784
8883,1784
8980,1784
9144,1784
9207,1784
9407,1784
9820,1784
9855,1784
9918,1784
9975,1784
10036,1784
10051,1784
10370,1784
10710,1784
10711,1784
10846,1784
11210,1784
11296,1784
11297,1784
11367,1784
11486,1784
11792,1784
11966,1784
12032,1784
12139,1784
12284,1784
12354,1784
314,1785
1676,1785
4216,1785
4257,1785
4277,1785
4788,1785
4874,1785
9406,1785
9407,1785
9820,1785
10019,1785
314,1786
1314,1786
1676,1786
4216,1786
4257,1786
4583,1786
4788,1786
4874,1786
5352,1786
9406,1786
9407,1786
9820,1786
10019,1786
12219,1786
93,1793
1408,1793
1652,1793
4044,1793
8272,1793
10552,1793
490,1802
491,1802
502,1802
504,1802
703,1802
4044,1802
7235,1802
7587,1802
380,1803
7735,1803
8396,1803
380,1804
421,1804
1080,1804
1237,1804
1238,1804
1455,1804
2640,1804
3429,1804
3560,1804
3617,1804
3915,1804
3922,1804
4668,1804
5274,1804
5540,1804
5646,1804
6307,1804
6355,1804
7734,1804
7735,1804
8394,1804
8395,1804
8396,1804
8522,1804
8534,1804
8535,1804
8536,1804
8537,1804
8538,1804
10562,1804
4035,1805
4257,1805
4035,1806
4257,1806
4035,1807
4257,1807
6816,1807
5804,1808
4704,1809
5092,1809
411,1810
468,1810
469,1810
1588,1810
1598,1810
2438,1810
2672,1810
3338,1810
3522,1810
3594,1810
3595,1810
4035,1810
4080,1810
4144,1810
4164,1810
4216,1810
4257,1810
4532,1810
4536,1810
4582,1810
4583,1810
4704,1810
4874,1810
4887,1810
4947,1810
5092,1810
5445,1810
5680,1810
5804,1810
6217,1810
6314,1810
6413,1810
6652,1810
6657,1810
7047,1810
7173,1810
7195,1810
7400,1810
7792,1810
8639,1810
8840,1810
9268,1810
9820,1810
10239,1810
10598,1810
11069,1810
11131,1810
12289,1810
4704,1811
1598,1812
2438,1812
2672,1812
3204,1812
3594,1812
3595,1812
4080,1812
4144,1812
4164,1812
4216,1812
4257,1812
4536,1812
4583,1812
4748,1812
6641,1812
323,1813
468,1813
469,1813
832,1813
1598,1813
2389,1813
2438,1813
2672,1813
3338,1813
3441,1813
3522,1813
3594,1813
3595,1813
4035,1813
4080,1813
4144,1813
4164,1813
4216,1813
4257,1813
4532,1813
4536,1813
4582,1813
4583,1813
4704,1813
5092,1813
5445,1813
5804,1813
6314,1813
6413,1813
6454,1813
6652,1813
7047,1813
7400,1813
7792,1813
7794,1813
9268,1813
9820,1813
10224,1813
10239,1813
10598,1813
11131,1813
11188,1813
4704,1814
1598,1815
2438,1815
2672,1815
3204,1815
3594,1815
3595,1815
4080,1815
4144,1815
4164,1815
4216,1815
4257,1815
4536,1815
4583,1815
4748,1815
6641,1815
1598,1816
3338,1816
3594,1816
3595,1816
3663,1816
4035,1816
4080,1816
4144,1816
4164,1816
4257,1816
4281,1816
4532,1816
4536,1816
4582,1816
4583,1816
4704,1816
4788,1816
4874,1816
6413,1816
7047,1816
7286,1816
7400,1816
8873,1816
9406,1816
9407,1816
9820,1816
10019,1816
10239,1816
11131,1816
11563,1816
4216,1817
4257,1817
4281,1817
4874,1817
8960,1817
8961,1817
8964,1817
9406,1817
9407,1817
9820,1817
10019,1817
1598,1818
3338,1818
3594,1818
3595,1818
4035,1818
4080,1818
4144,1818
4164,1818
4257,1818
4281,1818
4532,1818
4536,1818
4582,1818
4583,1818
4704,1818
4788,1818
4874,1818
6413,1818
7047,1818
7400,1818
9406,1818
9407,1818
9820,1818
10019,1818
10239,1818
11131,1818
468,1819
469,1819
1588,1819
1598,1819
1676,1819
2438,1819
2672,1819
3338,1819
3522,1819
3594,1819
3595,1819
4035,1819
4080,1819
4144,1819
4164,1819
4216,1819
4257,1819
4532,1819
4536,1819
4582,1819
4583,1819
4623,1819
4704,1819
4788,1819
4887,1819
5092,1819
5445,1819
6413,1819
6652,1819
6822,1819
7047,1819
7400,1819
8418,1819
9144,1819
9820,1819
10239,1819
10777,1819
10894,1819
11131,1819
11188,1819
3522,1820
4704,1820
5092,1820
10076,1820
1598,1821
2438,1821
2672,1821
3204,1821
3594,1821
3595,1821
4080,1821
4144,1821
4164,1821
4216,1821
4257,1821
4536,1821
4583,1821
4748,1821
6641,1821
245,1822
256,1822
1588,1822
1598,1822
1976,1822
2438,1822
3183,1822
3338,1822
3522,1822
3594,1822
3595,1822
4035,1822
4080,1822
4144,1822
4156,1822
4164,1822
4216,1822
4257,1822
4532,1822
4536,1822
4545,1822
4582,1822
4583,1822
4704,1822
4887,1822
5092,1822
6413,1822
6652,1822
7047,1822
7400,1822
9820,1822
10239,1822
10598,1822
11131,1822
11188,1822
11929,1822
1598,1823
2438,1823
2672,1823
3204,1823
3594,1823
3595,1823
4080,1823
4144,1823
4164,1823
4216,1823
4257,1823
4536,1823
4583,1823
4748,1823
6641,1823
1588,1824
1598,1824
2438,1824
2672,1824
3338,1824
3522,1824
3594,1824
3595,1824
4035,1824
4080,1824
4144,1824
4164,1824
4216,1824
4257,1824
4532,1824
4536,1824
4582,1824
4583,1824
4704,1824
5092,1824
5804,1824
6413,1824
6652,1824
7047,1824
7400,1824
9144,1824
9820,1824
10239,1824
11131,1824
4704,1825
1598,1826
2438,1826
2672,1826
3204,1826
3594,1826
3595,1826
4035,1826
4080,1826
4144,1826
4164,1826
4216,1826
4257,1826
4536,1826
4583,1826
4748,1826
5092,1826
6641,1826
6646,1826
8418,1826
1588,1827
1598,1827
3338,1827
3594,1827
3595,1827
4035,1827
4080,1827
4144,1827
4164,1827
4257,1827
4532,1827
4536,1827
4582,1827
4583,1827
6413,1827
7047,1827
7400,1827
9820,1827
10239,1827
11131,1827
1588,1828
1598,1828
2438,1828
3338,1828
3522,1828
3594,1828
3595,1828
4035,1828
4080,1828
4144,1828
4164,1828
4216,1828
4257,1828
4532,1828
4536,1828
4582,1828
4583,1828
4704,1828
4887,1828
5092,1828
6413,1828
7047,1828
7400,1828
9438,1828
9820,1828
10239,1828
11131,1828
11188,1828
4704,1829
5092,1829
6646,1829
8418,1829
1598,1830
2438,1830
2672,1830
3204,1830
3594,1830
3595,1830
4080,1830
4144,1830
4164,1830
4216,1830
4257,1830
4536,1830
4583,1830
4748,1830
6641,1830
468,1831
469,1831
1588,1831
1598,1831
2844,1831
3338,1831
3522,1831
3594,1831
3595,1831
4035,1831
4080,1831
4144,1831
4164,1831
4216,1831
4257,1831
4277,1831
4532,1831
4536,1831
4582,1831
4583,1831
4704,1831
4788,1831
4874,1831
4887,1831
5092,1831
5445,1831
6413,1831
6652,1831
6822,1831
7047,1831
7400,1831
9406,1831
9407,1831
9820,1831
10019,1831
10239,1831
11131,1831
11188,1831
12289,1831
1598,1833
2438,1833
2672,1833
3204,1833
3594,1833
3595,1833
4080,1833
4144,1833
4164,1833
4216,1833
4257,1833
4536,1833
4583,1833
4748,1833
6641,1833
1588,1834
1598,1834
2438,1834
3338,1834
3594,1834
3595,1834
4035,1834
4080,1834
4144,1834
4164,1834
4257,1834
4532,1834
4536,1834
4582,1834
4583,1834
4887,1834
6413,1834
7047,1834
7400,1834
9820,1834
10239,1834
11131,1834
1598,1835
2438,1835
2672,1835
3204,1835
3594,1835
3595,1835
4080,1835
4144,1835
4164,1835
4216,1835
4257,1835
4536,1835
4583,1835
4748,1835
1872,1836
2282,1836
3931,1836
7020,1836
7021,1836
8672,1836
9173,1836
11094,1836
11441,1836
11442,1836
11499,1836
11500,1836
1685,1837
4216,1837
4257,1837
4267,1837
4277,1837
4407,1837
4788,1837
4874,1837
8651,1837
8922,1837
8940,1837
8941,1837
9392,1837
9406,1837
9407,1837
9820,1837
10370,1837
11188,1837
11256,1837
11739,1837
1676,1838
2840,1838
4216,1838
4257,1838
4277,1838
4305,1838
4315,1838
4788,1838
4874,1838
5352,1838
9406,1838
9407,1838
9820,1838
10019,1838
11563,1838
800,1839
1264,1839
1462,1839
1468,1839
1997,1839
2461,1839
4144,1839
4216,1839
4257,1839
4277,1839
4315,1839
4874,1839
5402,1839
5564,1839
5759,1839
6043,1839
6504,1839
6550,1839
7988,1839
9144,1839
9406,1839
9407,1839
11064,1839
11563,1839
11946,1839
12212,1839
12220,1839
2638,1840
4216,1840
4257,1840
4277,1840
4788,1840
4874,1840
6508,1840
9155,1840
9406,1840
9407,1840
9820,1840
10019,1840
11064,1840
11563,1840
12212,1840
245,1841
256,1841
1100,1841
3277,1841
4144,1841
4216,1841
4257,1841
4277,1841
4874,1841
5352,1841
6508,1841
7988,1841
8775,1841
8776,1841
8778,1841
8803,1841
9155,1841
9406,1841
9407,1841
9820,1841
10019,1841
10604,1841
10611,1841
10612,1841
10614,1841
10615,1841
10617,1841
10619,1841
10621,1841
11188,1841
11256,1841
2432,1842
4216,1842
4257,1842
4267,1842
4277,1842
4305,1842
4407,1842
4874,1842
8922,1842
9392,1842
9406,1842
9407,1842
9820,1842
10019,1842
558,1843
562,1843
1094,1843
1100,1843
3277,1843
4144,1843
4257,1843
4814,1843
4874,1843
5985,1843
6504,1843
8776,1843
8803,1843
8940,1843
8941,1843
8961,1843
9151,1843
9301,1843
11195,1843
11199,1843
11805,1843
4257,1844
8961,1844
9301,1844
344,1845
856,1845
1676,1845
2222,1845
3183,1845
4257,1845
4293,1845
4296,1845
4315,1845
4788,1845
6521,1845
7542,1845
7722,1845
7723,1845
8669,1845
9535,1845
9855,1845
9975,1845
10019,1845
10825,1845
10826,1845
11070,1845
11238,1845
12139,1845
12354,1845
4564,1846
7187,1847
2156,1848
2906,1848
6438,1848
7187,1848
4386,1851
10337,1852
11756,1853
12366,1853
12367,1853
2768,1854
5294,1854
4216,1855
4257,1855
4277,1855
4315,1855
4874,1855
9406,1855
9407,1855
10019,1855
4216,1856
4257,1856
4277,1856
4874,1856
6508,1856
8922,1856
9406,1856
9407,1856
10019,1856
2620,1858
4566,1858
187,1859
297,1859
355,1859
580,1859
621,1859
820,1859
960,1859
990,1859
999,1859
1314,1859
1647,1859
2432,1859
2812,1859
2817,1859
2845,1859
3284,1859
3286,1859
3292,1859
3553,1859
3677,1859
3746,1859
4257,1859
4267,1859
4305,1859
4345,1859
4407,1859
4552,1859
6099,1859
6145,1859
7570,1859
7711,1859
8056,1859
8575,1859
8669,1859
8945,1859
8980,1859
9156,1859
9207,1859
9392,1859
9405,1859
9855,1859
9975,1859
10036,1859
10051,1859
10370,1859
10804,1859
10825,1859
11238,1859
12220,1859
12354,1859
1583,1860
2287,1860
3284,1860
3563,1860
3663,1860
6504,1860
7286,1860
7711,1860
9855,1860
10825,1860
10826,1860
6439,1861
7371,1861
7371,1862
454,1866
654,1866
1049,1866
1133,1866
1134,1866
1150,1866
1588,1866
1765,1866
1787,1866
1920,1866
2116,1866
3041,1866
3240,1866
3390,1866
3459,1866
3704,1866
3820,1866
3957,1866
4007,1866
4225,1866
4349,1866
4352,1866
5344,1866
5357,1866
5423,1866
6036,1866
6349,1866
6618,1866
7066,1866
7152,1866
7235,1866
7355,1866
8058,1866
9271,1866
11123,1866
11838,1866
1976,1874
4039,1874
4461,1874
4609,1874
5737,1874
9373,1874
5737,1875
488,1876
955,1876
1843,1876
702,1877
834,1877
1045,1877
2432,1877
4257,1877
4315,1877
4788,1877
5372,1877
6957,1877
7113,1877
7114,1877
9801,1877
9855,1877
11871,1877
11872,1877
4257,1878
4315,1878
4788,1878
4867,1878
6508,1878
6957,1878
9855,1878
11871,1878
11872,1878
5345,1880
5346,1880
5345,1882
5346,1882
6649,1883
851,1884
10267,1884
10283,1884
10284,1884
10286,1884
10287,1884
10795,1884
46,1885
824,1885
851,1885
922,1885
1980,1885
3006,1885
3200,1885
10267,1885
10283,1885
10284,1885
10286,1885
10287,1885
115,1887
439,1887
598,1887
989,1887
1514,1887
2448,1887
2620,1887
2630,1887
2681,1887
2959,1887
5670,1887
5696,1887
5697,1887
6265,1887
6321,1887
6959,1887
6982,1887
7000,1887
7002,1887
7006,1887
8543,1887
8544,1887
9146,1887
9793,1887
9799,1887
9814,1887
9815,1887
11879,1887
12033,1887
12066,1887
11951,1890
9420,1891
51,1893
333,1893
516,1893
570,1893
571,1893
740,1893
742,1893
743,1893
744,1893
745,1893
746,1893
747,1893
1208,1893
1209,1893
1210,1893
1211,1893
1336,1893
2939,1893
3473,1893
3743,1893
4461,1893
4531,1893
5549,1893
5694,1893
5695,1893
5971,1893
6124,1893
6260,1893
6261,1893
10200,1893
51,1896
333,1896
516,1896
570,1896
571,1896
626,1896
2939,1896
3457,1896
3460,1896
3743,1896
4461,1896
4531,1896
5549,1896
5634,1896
5971,1896
6124,1896
6138,1896
6139,1896
7588,1896
10200,1896
10812,1896
11437,1896
254,1897
333,1897
570,1897
571,1897
1740,1897
4461,1897
4462,1897
5453,1897
333,1898
570,1898
571,1898
648,1898
5430,1898
7588,1898
9373,1898
12057,1898
32,1899
51,1899
73,1899
207,1899
228,1899
466,1899
1234,1899
1258,1899
1618,1899
1752,1899
1776,1899
1976,1899
2050,1899
2084,1899
2318,1899
2539,1899
2645,1899
3142,1899
3379,1899
3380,1899
3742,1899
3811,1899
3852,1899
4083,1899
4412,1899
4462,1899
5257,1899
5502,1899
5610,1899
5930,1899
6074,1899
6184,1899
6672,1899
6968,1899
7086,1899
7139,1899
7143,1899
7144,1899
7172,1899
7509,1899
9038,1899
9040,1899
9069,1899
9992,1899
10167,1899
10766,1899
11291,1899
11301,1899
11383,1899
12272,1899
1618,1900
2463,1900
2922,1900
4083,1900
4457,1900
5085,1900
5310,1900
6381,1900
9274,1900
10069,1900
10199,1900
10201,1900
11089,1900
11116,1900
16,1901
56,1901
70,1901
135,1901
140,1901
207,1901
280,1901
338,1901
873,1901
1547,1901
1609,1901
1618,1901
1636,1901
1692,1901
2323,1901
2645,1901
2738,1901
2784,1901
2890,1901
3017,1901
3074,1901
4083,1901
4727,1901
5064,1901
5286,1901
5323,1901
5871,1901
5909,1901
5961,1901
6184,1901
6204,1901
6366,1901
6711,1901
6876,1901
7149,1901
8180,1901
8220,1901
8333,1901
8627,1901
9257,1901
9325,1901
9504,1901
10297,1901
10334,1901
10335,1901
10341,1901
10342,1901
10500,1901
10505,1901
10506,1901
1097,1902
2225,1902
2892,1902
4309,1902
7991,1902
11372,1902
4309,1904
7991,1904
11372,1904
1097,1905
2225,1905
2892,1905
4309,1905
7991,1905
11372,1905
2225,1907
2419,1908
4137,1908
4239,1908
5127,1908
6141,1908
6388,1908
7888,1908
11117,1908
2956,1909
32,1913
207,1913
279,1913
280,1913
333,1913
570,1913
571,1913
1612,1913
1949,1913
2609,1913
3074,1913
4050,1913
4060,1913
4103,1913
4198,1913
4755,1913
5208,1913
5448,1913
5532,1913
6961,1913
7995,1913
8741,1913
8744,1913
4060,1915
4755,1915
5208,1915
5532,1915
6961,1915
7995,1915
2638,1917
4257,1917
4315,1917
4407,1917
4874,1917
6508,1917
9207,1917
9406,1917
9407,1917
9820,1917
10019,1917
10036,1917
456,1918
954,1918
4023,1918
11594,1918
381,1919
705,1919
1006,1919
1007,1919
1008,1919
1010,1919
1207,1919
1249,1919
1279,1919
1444,1919
1449,1919
1480,1919
1494,1919
2334,1919
2354,1919
2452,1919
3391,1919
3780,1919
7641,1919
381,1920
1006,1920
1010,1920
1279,1920
1444,1920
1449,1920
1480,1920
1494,1920
2334,1920
2354,1920
2452,1920
3690,1920
3780,1920
3822,1920
7641,1920
927,1921
2147,1921
9746,1921
9747,1921
5295,1922
5296,1922
168,1926
336,1926
3583,1926
4531,1926
5662,1926
11037,1926
168,1928
336,1928
3583,1928
4531,1928
4132,1929
2814,1930
4106,1930
4131,1930
4132,1930
4137,1930
5116,1930
5825,1930
8175,1930
4131,1931
8831,1931
4106,1932
4132,1932
5116,1932
5825,1932
8699,1932
276,1934
1676,1936
2432,1936
2638,1936
3236,1936
3563,1936
4257,1936
4277,1936
4315,1936
4407,1936
4626,1936
4874,1936
6957,1936
7570,1936
9156,1936
9207,1936
9401,1936
9402,1936
9405,1936
9406,1936
9407,1936
9534,1936
9535,1936
9855,1936
9975,1936
9976,1936
9999,1936
10019,1936
10036,1936
10370,1936
10704,1936
10825,1936
10826,1936
11808,1936
12139,1936
12182,1936
12354,1936
4564,1937
6442,1939
9498,1939
4257,1940
4315,1940
4583,1940
4748,1940
6957,1940
9820,1940
11146,1940
11689,1940
3595,1941
4257,1941
4277,1941
4315,1941
4583,1941
4748,1941
4874,1941
6957,1941
9406,1941
9407,1941
11146,1941
11689,1941
4874,1942
4257,1943
4874,1944
4874,1946
4874,1947
1676,1948
4257,1948
4277,1948
4315,1948
4407,1948
4874,1948
9855,1948
10370,1948
4257,1949
6053,1949
7929,1949
9268,1949
9349,1949
11806,1949
2432,1950
4257,1950
4874,1950
8883,1950
11322,1950
1441,1951
2138,1951
2842,1951
5226,1951
3595,1952
4216,1952
4257,1952
4277,1952
4315,1952
4583,1952
4748,1952
4788,1952
4874,1952
6957,1952
9406,1952
9407,1952
9820,1952
11146,1952
11689,1952
1676,1953
4216,1953
4257,1953
4277,1953
4315,1953
4788,1953
4874,1953
6508,1953
6957,1953
9406,1953
9407,1953
9820,1953
9855,1953
10019,1953
9975,1954
1676,1955
4216,1955
4257,1955
4277,1955
4315,1955
4407,1955
4788,1955
4874,1955
6508,1955
6957,1955
8764,1955
9406,1955
9407,1955
9820,1955
9855,1955
10019,1955
1676,1956
2432,1956
4257,1956
4267,1956
4277,1956
4315,1956
4407,1956
4874,1956
9392,1956
9402,1956
9406,1956
9407,1956
9855,1956
10019,1956
10036,1956
1676,1957
2432,1957
4216,1957
4257,1957
4277,1957
4315,1957
4407,1957
4788,1957
4874,1957
4878,1957
6508,1957
6957,1957
8764,1957
9207,1957
9402,1957
9406,1957
9407,1957
9855,1957
9975,1957
10019,1957
10370,1957
4627,1958
10100,1959
10102,1959
10100,1960
10102,1960
4627,1961
4628,1961
10100,1962
10102,1962
4627,1963
10100,1963
10102,1963
10100,1964
10102,1964
4627,1965
4628,1965
6034,1965
6425,1965
2419,1972
2422,1972
11111,1974
11417,1974
11418,1974
11419,1974
7059,1976
10068,1976
9352,1977
9359,1977
879,1978
880,1978
4257,1978
4623,1978
4863,1978
6317,1978
6318,1978
9144,1978
9155,1978
9165,1978
10730,1978
12112,1978
9165,1979
4623,1980
4930,1980
9155,1980
9165,1980
9405,1980
1676,1981
4257,1981
4277,1981
4315,1981
4788,1981
4874,1981
9406,1981
9407,1981
4216,1982
4257,1982
4277,1982
4315,1982
4788,1982
4874,1982
5352,1982
9406,1982
9407,1982
4257,1983
4277,1983
4315,1983
4788,1983
4874,1983
6957,1983
9406,1983
9407,1983
4257,1984
4277,1984
4315,1984
4788,1984
4874,1984
9406,1984
9407,1984
4874,1985
1274,1986
2840,1986
3025,1986
10895,1986
11828,1986
12219,1986
10782,1987
10783,1987
11395,1988
11395,1990
3236,1991
4781,1991
4806,1991
8789,1991
9513,1991
10647,1991
10648,1991
11395,1991
11524,1991
11395,1993
4806,1994
11395,1994
11395,1996
741,1997
1682,1997
3506,1997
3987,1997
4271,1997
4344,1997
4858,1997
4861,1997
4882,1997
5660,1997
6351,1997
6882,1997
6907,1997
7795,1997
7796,1997
7797,1997
8010,1997
8011,1997
8786,1997
9073,1997
9074,1997
9075,1997
9175,1997
9199,1997
9687,1997
9688,1997
9689,1997
9692,1997
9693,1997
9694,1997
9695,1997
9696,1997
9697,1997
10064,1997
10159,1997
10600,1997
7241,1998
1682,1999
4882,1999
4032,2001
5841,2001
10887,2001
10941,2001
11026,2001
4399,2004
4400,2004
4449,2004
4631,2004
5415,2004
5439,2004
5440,2004
5441,2004
5775,2004
6767,2004
8499,2004
9422,2004
10921,2004
4251,2005
4399,2005
4400,2005
11158,2005
11194,2005
46,2006
4032,2007
46,2009
392,2009
1528,2009
1654,2009
4032,2009
4195,2009
9603,2009
3595,2010
4461,2010
4623,2010
2947,2011
9117,2011
9129,2011
11125,2011
12295,2011
183,2012
1530,2012
1670,2012
1727,2012
1728,2012
2072,2012
2073,2012
3063,2012
3095,2012
3166,2012
3302,2012
3303,2012
3304,2012
3305,2012
3306,2012
3307,2012
3308,2012
3309,2012
3381,2012
3382,2012
3705,2012
3706,2012
4021,2012
4022,2012
4066,2012
4222,2012
4538,2012
4701,2012
5143,2012
5235,2012
5767,2012
5768,2012
6174,2012
6175,2012
6258,2012
6687,2012
6688,2012
6689,2012
6690,2012
6781,2012
6782,2012
7565,2012
9295,2012
9296,2012
9498,2012
9766,2012
9767,2012
10008,2012
10009,2012
11836,2012
5104,2013
5210,2013
5235,2013
5104,2014
5210,2014
876,2015
2521,2015
3249,2015
3250,2015
4462,2015
5104,2015
5210,2015
6402,2015
10101,2015
866,2016
4445,2016
4257,2018
4277,2018
4281,2018
4315,2018
4874,2018
9406,2018
9407,2018
9535,2018
10019,2018
7777,2019
1676,2020
2432,2020
4257,2020
4277,2020
4315,2020
4407,2020
4788,2020
4874,2020
6508,2020
6957,2020
9405,2020
9406,2020
9407,2020
9820,2020
10019,2020
10036,2020
11246,2020
11563,2020
11586,2020
893,2021
952,2021
964,2021
2119,2021
2128,2021
2269,2021
3468,2021
3836,2021
3887,2021
6759,2021
7590,2022
7590,2023
972,2024
1676,2024
1790,2024
2086,2024
2638,2024
3875,2024
4257,2024
4315,2024
4407,2024
4487,2024
4488,2024
4780,2024
4788,2024
4874,2024
4910,2024
5214,2024
5719,2024
5798,2024
5973,2024
6103,2024
6455,2024
6498,2024
6508,2024
6676,2024
7222,2024
8804,2024
8870,2024
9157,2024
9159,2024
9455,2024
9703,2024
10019,2024
10370,2024
10858,2024
11191,2024
11246,2024
11247,2024
11323,2024
11324,2024
11522,2024
11586,2024
12182,2024
12308,2024
12309,2024
12310,2024
12354,2024
2814,2026
4131,2026
4132,2026
4137,2026
4629,2026
4630,2026
5116,2026
5825,2026
8175,2026
8699,2026
8880,2026
8881,2026
9404,2026
11392,2026
11393,2026
348,2027
560,2027
664,2027
673,2027
759,2027
768,2027
783,2027
784,2027
785,2027
786,2027
791,2027
792,2027
793,2027
794,2027
795,2027
796,2027
798,2027
801,2027
804,2027
849,2027
981,2027
1060,2027
1069,2027
1101,2027
1487,2027
1509,2027
1602,2027
1897,2027
2139,2027
2467,2027
2544,2027
2739,2027
2765,2027
2882,2027
3013,2027
3656,2027
4238,2027
4672,2027
6037,2027
7629,2027
8578,2027
9288,2027
9289,2027
9673,2027
9674,2027
10045,2027
10421,2027
11081,2027
11817,2027
11890,2027
2482,2028
3263,2028
11404,2028
11405,2028
11817,2028
11849,2028
11850,2028
12060,2028
10431,2029
10432,2029
10750,2029
10751,2029
5968,2030
6320,2030
7442,2030
10351,2030
10352,2030
547,2031
615,2031
640,2031
641,2031
706,2031
707,2031
1076,2031
1087,2031
1156,2031
1157,2031
1214,2031
1218,2031
1245,2031
1305,2031
1335,2031
1416,2031
1457,2031
1847,2031
2054,2031
2146,2031
2206,2031
2325,2031
2343,2031
3759,2031
3809,2031
4020,2031
4782,2031
5466,2031
5728,2031
5734,2031
5735,2031
5736,2031
5986,2031
6219,2031
6354,2031
8724,2031
9037,2031
10410,2031
10714,2031
11216,2031
11217,2031
4257,2032
4874,2032
9975,2032
2241,2034
2320,2034
2817,2034
2823,2034
3359,2034
3406,2034
3411,2034
4257,2034
4825,2034
4930,2034
5848,2034
6195,2034
7350,2034
7456,2034
7457,2034
7792,2034
7884,2034
8883,2034
8956,2034
8961,2034
8964,2034
8965,2034
9144,2034
9165,2034
9268,2034
9305,2034
9704,2034
9705,2034
10667,2034
10777,2034
11322,2034
12219,2034
1584,2036
1585,2036
4257,2036
8883,2036
10667,2036
11224,2036
12000,2036
12219,2036
2638,2037
4281,2037
4788,2037
9534,2037
4281,2038
4407,2038
4788,2038
9534,2038
10370,2038
4257,2039
4281,2039
4788,2039
6217,2039
7173,2039
9820,2039
12269,2039
12273,2039
718,2040
1235,2040
1456,2040
1713,2040
2014,2040
2144,2040
2145,2040
2305,2040
3397,2040
3663,2040
3698,2040
3776,2040
3912,2040
4257,2040
4267,2040
4788,2040
5309,2040
5315,2040
5316,2040
5898,2040
6332,2040
6583,2040
6801,2040
6802,2040
6872,2040
6877,2040
7030,2040
7258,2040
7988,2040
8770,2040
8922,2040
8960,2040
8961,2040
8963,2040
8964,2040
8965,2040
9062,2040
9192,2040
9392,2040
9772,2040
10020,2040
10901,2040
11064,2040
11238,2040
11460,2040
11802,2040
12003,2040
12004,2040
12212,2040
12339,2040
8770,2041
264,2042
1663,2042
1673,2042
2432,2042
2638,2042
3561,2042
4257,2042
4267,2042
5352,2042
5920,2042
6508,2042
7081,2042
7988,2042
8785,2042
8860,2042
8922,2042
8960,2042
8961,2042
8962,2042
8963,2042
8964,2042
8965,2042
9392,2042
9534,2042
9535,2042
10019,2042
10036,2042
10370,2042
11064,2042
11238,2042
11433,2042
11802,2042
12003,2042
12004,2042
12212,2042
12339,2042
718,2043
920,2043
1037,2043
1456,2043
1713,2043
3776,2043
4257,2043
4267,2043
4315,2043
4788,2043
5920,2043
6120,2043
6332,2043
6716,2043
6809,2043
6872,2043
6957,2043
7030,2043
7258,2043
7881,2043
7882,2043
7988,2043
8795,2043
8796,2043
8860,2043
8922,2043
8961,2043
8962,2043
8963,2043
8964,2043
9062,2043
9192,2043
9392,2043
9820,2043
10019,2043
10036,2043
10370,2043
10655,2043
11064,2043
11238,2043
11322,2043
11433,2043
11802,2043
11819,2043
11856,2043
11981,2043
12003,2043
12004,2043
12139,2043
12212,2043
7988,2044
264,2045
384,2045
1015,2045
1019,2045
1583,2045
1636,2045
1647,2045
1663,2045
1673,2045
1675,2045
2305,2045
2432,2045
3069,2045
3243,2045
3282,2045
4257,2045
4267,2045
4820,2045
4860,2045
4942,2045
6497,2045
6499,2045
6500,2045
6710,2045
7570,2045
7653,2045
8016,2045
8771,2045
8922,2045
9392,2045
9855,2045
10019,2045
10036,2045
10209,2045
10290,2045
11064,2045
11152,2045
11154,2045
11316,2045
11433,2045
11863,2045
12212,2045
264,2047
384,2047
1015,2047
1019,2047
1636,2047
1647,2047
2432,2047
3069,2047
3243,2047
3282,2047
4257,2047
4267,2047
4820,2047
5352,2047
6710,2047
7570,2047
7653,2047
8922,2047
9392,2047
9855,2047
10019,2047
10036,2047
10209,2047
10290,2047
264,2049
384,2049
1015,2049
1019,2049
1636,2049
1647,2049
2432,2049
3069,2049
3243,2049
3282,2049
4257,2049
4267,2049
4820,2049
6710,2049
7570,2049
7653,2049
8922,2049
9392,2049
9855,2049
10036,2049
10209,2049
10290,2049
269,2051
1583,2051
1636,2051
2305,2051
2306,2051
2310,2051
2311,2051
2432,2051
2444,2051
2445,2051
2642,2051
3236,2051
3648,2051
4257,2051
4267,2051
4297,2051
4942,2051
6499,2051
6500,2051
6710,2051
7070,2051
7071,2051
7336,2051
7570,2051
7653,2051
7988,2051
8016,2051
8095,2051
8106,2051
8771,2051
8796,2051
9109,2051
9164,2051
9392,2051
9855,2051
10036,2051
10290,2051
10326,2051
10328,2051
10655,2051
10667,2051
10914,2051
11064,2051
11154,2051
11238,2051
11316,2051
11433,2051
11863,2051
12212,2051
12364,2051
264,2052
269,2052
1673,2052
4267,2052
4395,2052
7570,2052
9392,2052
10036,2052
4395,2053
2432,2054
4216,2054
4257,2054
4281,2054
4788,2054
6217,2054
6508,2054
7173,2054
9820,2054
10019,2054
10036,2054
12219,2054
314,2055
853,2055
1107,2055
1647,2055
2397,2055
2432,2055
2638,2055
4257,2055
4281,2055
4407,2055
5592,2055
5692,2055
5702,2055
6403,2055
6508,2055
8113,2055
8155,2055
8594,2055
8651,2055
9155,2055
9165,2055
9263,2055
9494,2055
9534,2055
9821,2055
10019,2055
10370,2055
2432,2056
2638,2056
4257,2056
4288,2056
4407,2056
5352,2056
6508,2056
8594,2056
9155,2056
9406,2056
9407,2056
9494,2056
9534,2056
9820,2056
10019,2056
10036,2056
10370,2056
272,2057
1676,2057
2432,2057
4267,2057
4315,2057
4407,2057
9109,2057
9207,2057
9392,2057
9401,2057
9402,2057
9535,2057
9855,2057
10019,2057
10036,2057
10370,2057
4054,2058
4289,2058
11234,2058
4054,2059
1002,2061
1003,2061
4054,2061
4289,2061
4303,2061
6518,2061
8662,2061
8784,2061
10058,2061
11735,2061
11772,2061
11865,2061
11735,2062
11772,2062
11735,2063
11772,2063
4733,2064
10315,2064
1563,2065
1578,2065
1770,2065
1844,2065
1878,2065
2376,2065
2407,2065
2629,2065
3455,2065
3848,2065
3849,2065
3911,2065
4054,2065
4111,2065
4273,2065
4302,2065
4303,2065
4705,2065
4733,2065
4734,2065
4857,2065
5062,2065
5152,2065
5399,2065
5450,2065
5451,2065
6426,2065
6518,2065
6748,2065
6771,2065
6772,2065
6803,2065
7196,2065
7268,2065
7712,2065
8084,2065
8085,2065
8539,2065
8540,2065
8541,2065
8662,2065
9332,2065
9350,2065
10315,2065
10703,2065
10721,2065
10920,2065
11234,2065
11578,2065
11735,2065
1581,2067
2629,2067
4054,2067
4111,2067
4302,2067
4303,2067
4487,2067
4734,2067
4896,2067
8662,2067
8751,2067
10721,2067
11234,2067
11578,2067
11735,2067
11772,2067
4054,2068
4054,2069
4302,2069
8662,2069
4054,2070
1563,2071
1578,2071
1581,2071
1582,2071
1878,2071
2376,2071
2407,2071
2629,2071
4054,2071
4111,2071
4302,2071
4303,2071
4523,2071
4596,2071
4793,2071
4849,2071
4857,2071
4914,2071
7712,2071
8084,2071
8085,2071
8539,2071
8540,2071
8541,2071
8662,2071
8748,2071
10311,2071
10703,2071
11234,2071
11578,2071
11772,2071
4054,2073
1563,2074
1578,2074
1581,2074
1878,2074
2620,2074
2629,2074
3339,2074
3676,2074
3761,2074
3767,2074
4054,2074
4111,2074
4302,2074
4303,2074
4487,2074
4666,2074
4710,2074
4713,2074
4734,2074
4793,2074
4849,2074
4857,2074
4896,2074
4914,2074
5786,2074
6190,2074
6322,2074
6661,2074
7712,2074
7775,2074
8084,2074
8085,2074
8411,2074
8539,2074
8662,2074
8751,2074
9056,2074
9341,2074
10225,2074
10226,2074
10227,2074
10311,2074
10721,2074
10928,2074
10988,2074
11084,2074
11234,2074
11578,2074
11735,2074
11772,2074
712,2077
1563,2077
1578,2077
1581,2077
1878,2077
2629,2077
3551,2077
3767,2077
4054,2077
4111,2077
4289,2077
4302,2077
4303,2077
4523,2077
4596,2077
4705,2077
4734,2077
4793,2077
4857,2077
4914,2077
6322,2077
6518,2077
7712,2077
8084,2077
8085,2077
8378,2077
8539,2077
8540,2077
8541,2077
8662,2077
8748,2077
10311,2077
11578,2077
11735,2077
11772,2077
1578,2078
1581,2078
2629,2078
4054,2078
4111,2078
4289,2078
4596,2078
4857,2078
7712,2078
8085,2078
8539,2078
8540,2078
8541,2078
10311,2078
11234,2078
11578,2078
11772,2078
1563,2079
1581,2079
1582,2079
1878,2079
2629,2079
3848,2079
3849,2079
4054,2079
4302,2079
4303,2079
4523,2079
4914,2079
5450,2079
5451,2079
6322,2079
6518,2079
7712,2079
8662,2079
10311,2079
10721,2079
11772,2079
1140,2081
1563,2081
1581,2081
1582,2081
1878,2081
1976,2081
2629,2081
3676,2081
3761,2081
3767,2081
3848,2081
3849,2081
4054,2081
4111,2081
4302,2081
4303,2081
4523,2081
4596,2081
4734,2081
4793,2081
4857,2081
4896,2081
4914,2081
5786,2081
6322,2081
6518,2081
7712,2081
8084,2081
8085,2081
8410,2081
8411,2081
8539,2081
8540,2081
8541,2081
8662,2081
8748,2081
8751,2081
9341,2081
10311,2081
10721,2081
11234,2081
11578,2081
11735,2081
11772,2081
9014,2084
1441,2085
1676,2085
1986,2085
2138,2085
2320,2085
2405,2085
2788,2085
2842,2085
3661,2085
4257,2085
4277,2085
4315,2085
4407,2085
4785,2085
4788,2085
4825,2085
4874,2085
6498,2085
7195,2085
7349,2085
7350,2085
7456,2085
7457,2085
8883,2085
9114,2085
9115,2085
9268,2085
9305,2085
9398,2085
9406,2085
9407,2085
9855,2085
10370,2085
10945,2085
11809,2085
11810,2085
12161,2085
3984,2086
1676,2087
3134,2087
3661,2087
4257,2087
4267,2087
4277,2087
4315,2087
4407,2087
4788,2087
4874,2087
4930,2087
7195,2087
8922,2087
9207,2087
9392,2087
9398,2087
9406,2087
9407,2087
9855,2087
10370,2087
4257,2088
4788,2088
4216,2089
4257,2089
4788,2089
6957,2089
9406,2089
9407,2089
4257,2091
4315,2091
4788,2091
6957,2091
7988,2091
9406,2091
9407,2091
1485,2093
2242,2093
2255,2093
2257,2093
2258,2093
2259,2093
2789,2093
3037,2093
3103,2093
3404,2093
3405,2093
3407,2093
3408,2093
3854,2093
5426,2093
6189,2093
6514,2093
7165,2093
8545,2093
8550,2093
8573,2093
9236,2093
9245,2093
9246,2093
9348,2093
9351,2093
11380,2093
12048,2093
12049,2093
12050,2093
12051,2093
12052,2093
88,2094
1448,2094
1485,2094
1510,2094
1983,2094
1986,2094
2001,2094
2192,2094
2242,2094
2255,2094
2257,2094
2258,2094
2259,2094
2262,2094
2349,2094
2736,2094
2789,2094
2825,2094
2839,2094
3037,2094
3388,2094
3404,2094
3405,2094
3409,2094
3413,2094
3417,2094
3601,2094
4424,2094
5232,2094
5751,2094
5860,2094
6189,2094
6514,2094
8545,2094
8550,2094
8573,2094
8855,2094
9218,2094
9236,2094
9245,2094
9246,2094
9266,2094
9327,2094
9348,2094
9351,2094
11091,2094
11380,2094
12052,2094
2789,2096
12052,2096
1463,2098
1516,2098
2324,2098
2326,2098
2343,2098
3933,2098
10242,2098
4257,2104
4267,2104
4407,2104
4867,2104
9392,2104
9820,2104
9855,2104
10036,2104
12261,2104
4257,2105
4267,2105
4407,2105
8922,2105
9392,2105
9820,2105
9855,2105
10036,2105
2638,2106
4257,2106
4267,2106
4407,2106
8922,2106
9392,2106
9855,2106
10036,2106
978,2107
1503,2107
1670,2107
1695,2107
1821,2107
4085,2107
4088,2107
4222,2107
4461,2107
4462,2107
4530,2107
4538,2107
4609,2107
5128,2107
6110,2107
11203,2107
11658,2107
11782,2107
1670,2109
4085,2109
4088,2109
5089,2109
1670,2110
4806,2113
11395,2113
4257,2117
4277,2117
4788,2117
4874,2117
9406,2117
9407,2117
9855,2117
602,2118
1657,2118
3236,2118
3625,2118
7478,2118
995,2123
2793,2125
4292,2125
4768,2125
4789,2125
6556,2125
6557,2125
6725,2125
7905,2125
9154,2125
9700,2125
9701,2125
10429,2125
10926,2125
11107,2125
11343,2125
11344,2125
11482,2125
11483,2125
11771,2125
11779,2125
11799,2125
11816,2125
11818,2125
11894,2125
11917,2125
11922,2125
11928,2125
11967,2125
12054,2125
12056,2125
12064,2125
12091,2125
12258,2125
12261,2125
12270,2125
12275,2125
12261,2126
12340,2126
12343,2126
3141,2127
151,2130
208,2130
215,2130
602,2130
609,2130
660,2130
910,2130
1050,2130
1205,2130
1248,2130
1329,2130
1391,2130
1397,2130
1479,2130
2827,2130
2829,2130
2857,2130
2876,2130
3511,2130
3546,2130
3631,2130
4120,2130
4121,2130
4989,2130
6284,2130
6916,2130
7012,2130
8264,2130
8265,2130
8266,2130
8267,2130
8268,2130
8322,2130
8323,2130
8460,2130
8461,2130
8462,2130
8463,2130
8464,2130
8676,2130
8677,2130
8678,2130
151,2131
208,2131
258,2131
289,2131
290,2131
346,2131
407,2131
428,2131
432,2131
433,2131
475,2131
602,2131
609,2131
697,2131
698,2131
756,2131
1412,2131
1471,2131
2460,2131
2828,2131
3236,2131
3325,2131
3495,2131
3496,2131
3511,2131
3625,2131
3631,2131
4119,2131
4332,2131
4853,2131
4987,2131
4988,2131
5172,2131
7476,2131
7477,2131
7478,2131
7479,2131
7480,2131
7549,2131
7550,2131
8240,2131
8241,2131
8375,2131
12190,2131
12342,2131
151,2132
208,2132
215,2132
602,2132
609,2132
660,2132
910,2132
1050,2132
1205,2132
1248,2132
1329,2132
1391,2132
1397,2132
1479,2132
2827,2132
2829,2132
2857,2132
2876,2132
3511,2132
3546,2132
3631,2132
4120,2132
4121,2132
4989,2132
6284,2132
6916,2132
7012,2132
8264,2132
8265,2132
8266,2132
8267,2132
8268,2132
8322,2132
8323,2132
8460,2132
8461,2132
8462,2132
8463,2132
8464,2132
8676,2132
8677,2132
8678,2132
151,2133
208,2133
258,2133
277,2133
289,2133
290,2133
346,2133
407,2133
428,2133
432,2133
433,2133
475,2133
602,2133
609,2133
697,2133
698,2133
756,2133
1412,2133
1471,2133
2460,2133
2828,2133
3325,2133
3495,2133
3496,2133
3511,2133
3625,2133
3631,2133
4119,2133
4332,2133
4853,2133
4987,2133
4988,2133
5172,2133
5650,2133
7476,2133
7477,2133
7478,2133
7479,2133
7480,2133
7549,2133
7550,2133
8240,2133
8241,2133
8375,2133
12190,2133
12206,2133
12342,2133
151,2134
208,2134
215,2134
602,2134
609,2134
660,2134
910,2134
1050,2134
1205,2134
1248,2134
1329,2134
1391,2134
1397,2134
1479,2134
2827,2134
2829,2134
2857,2134
2876,2134
3511,2134
3546,2134
3631,2134
4120,2134
4121,2134
4989,2134
6284,2134
6916,2134
7012,2134
8264,2134
8265,2134
8266,2134
8267,2134
8268,2134
8322,2134
8323,2134
8460,2134
8461,2134
8462,2134
8463,2134
8464,2134
8676,2134
8677,2134
8678,2134
725,2135
726,2135
1976,2135
2689,2135
2843,2135
5809,2135
9523,2136
1925,2141
12107,2141
2432,2143
4257,2143
4277,2143
4315,2143
4874,2143
6508,2143
9207,2143
9406,2143
9407,2143
10019,2143
10036,2143
1676,2145
2432,2145
2638,2145
4257,2145
4277,2145
4281,2145
4315,2145
4874,2145
6957,2145
9406,2145
9407,2145
9534,2145
10019,2145
4257,2147
4277,2147
4315,2147
4874,2147
9406,2147
9407,2147
2672,2148
2793,2148
3595,2148
4257,2148
4277,2148
4281,2148
4315,2148
4583,2148
4874,2148
9406,2148
9407,2148
245,2149
1370,2149
2672,2149
2793,2149
3567,2149
3682,2149
4164,2149
4216,2149
4257,2149
4277,2149
4536,2149
4582,2149
4583,2149
4609,2149
4788,2149
4867,2149
4874,2149
9406,2149
9407,2149
4257,2150
10019,2150
4257,2151
4874,2151
10019,2151
9187,2154
7445,2158
10629,2158
11878,2159
12361,2159
1934,2160
1991,2160
3645,2160
4461,2160
4462,2160
5129,2160
5869,2160
5971,2160
5974,2160
6192,2160
6443,2160
6451,2160
7363,2160
7364,2160
7365,2160
7369,2160
7370,2160
9045,2160
9373,2160
9045,2161
5864,2163
9132,2165
9152,2165
2628,2166
6025,2166
9291,2166
4435,2167
4435,2168
4435,2169
4435,2170
4435,2172
4435,2173
4435,2174
4435,2175
4435,2176
4435,2177
1676,2180
4257,2180
1676,2181
4257,2181
4277,2181
4874,2181
6957,2181
9406,2181
9407,2181
11678,2181
4257,2182
4277,2182
4315,2182
9402,2182
10019,2182
4277,2183
4257,2184
4277,2184
4874,2184
9406,2184
9407,2184
4257,2185
4277,2185
8657,2186
4028,2187
4029,2187
4207,2187
4560,2187
4561,2187
4914,2187
4928,2187
6265,2187
2760,2188
2761,2188
2762,2188
2763,2188
3443,2188
5712,2188
4560,2189
4561,2189
4028,2191
4029,2191
4118,2191
4207,2191
4317,2191
4560,2191
4561,2191
4928,2191
6265,2191
6975,2191
4393,2192
4501,2192
4502,2192
4503,2192
4504,2192
4752,2192
5097,2192
6199,2192
6529,2192
6530,2192
7184,2192
4393,2193
4501,2193
4502,2193
4503,2193
4504,2193
4752,2193
5097,2193
6199,2193
6529,2193
6530,2193
7184,2193
7184,2194
4393,2195
4501,2195
4502,2195
4503,2195
4504,2195
4752,2195
5097,2195
6199,2195
6530,2195
7184,2195
683,2196
877,2196
4450,2196
4736,2196
5314,2196
6063,2196
9238,2198
10502,2199
10661,2199
10665,2199
4874,2200
54,2201
132,2201
321,2201
341,2201
375,2201
397,2201
617,2201
867,2201
872,2201
956,2201
1127,2201
1220,2201
1942,2201
1978,2201
3071,2201
3102,2201
3208,2201
3222,2201
3236,2201
3420,2201
3557,2201
3624,2201
4525,2201
4572,2201
4573,2201
5756,2201
5948,2201
6315,2201
6373,2201
6996,2201
6997,2201
7282,2201
7823,2201
7824,2201
7831,2201
7832,2201
7833,2201
9411,2201
9436,2201
9444,2201
9499,2201
9567,2201
10084,2201
10087,2201
10088,2201
1942,2202
3208,2202
11399,2202
11400,2202
11401,2202
11612,2202
1633,2204
1899,2204
3126,2204
3236,2204
3575,2204
4136,2204
4205,2204
4767,2204
5484,2204
6412,2204
6883,2204
7074,2204
8470,2204
8602,2204
8807,2204
9463,2204
9464,2204
9475,2204
9640,2204
9641,2204
9676,2204
9813,2204
9963,2204
9964,2204
9974,2204
10010,2204
10112,2204
10345,2204
10365,2204
10371,2204
10406,2204
10407,2204
11527,2204
11528,2204
11761,2204
12333,2204
12356,2204
12357,2204
4136,2205
9464,2205
1633,2206
2764,2206
4136,2206
7405,2206
8925,2206
9134,2206
9464,2206
11528,2206
12127,2206
1659,2209
2625,2209
2626,2209
3236,2209
3320,2209
3321,2209
4767,2209
6218,2209
6517,2209
6606,2209
6607,2209
6906,2209
8807,2209
9641,2209
11153,2209
11327,2209
11763,2209
12333,2209
1633,2211
4767,2211
2626,2212
4767,2212
405,2213
1659,2213
2228,2213
2229,2213
2625,2213
2626,2213
3320,2213
3321,2213
3418,2213
3829,2213
3830,2213
3831,2213
3832,2213
4767,2213
4845,2213
6218,2213
6517,2213
6883,2213
7014,2213
7015,2213
7359,2213
8370,2213
8371,2213
8372,2213
8373,2213
8807,2213
9066,2213
9641,2213
12333,2213
2626,2214
4767,2214
8807,2214
12333,2214
2432,2215
4257,2215
4267,2215
6957,2215
8922,2215
9392,2215
9855,2215
10019,2215
10036,2215
11064,2215
11433,2215
12212,2215
817,2217
818,2217
1766,2217
1767,2217
4816,2217
5866,2217
5867,2217
5877,2217
5878,2217
5879,2217
5880,2217
6826,2217
6906,2217
12009,2217
226,2219
260,2219
268,2219
351,2219
573,2219
838,2219
1224,2219
1560,2219
2040,2219
2417,2219
2471,2219
3199,2219
3902,2219
4230,2219
4458,2219
4933,2219
5184,2219
5858,2219
6944,2219
7137,2219
7148,2219
7518,2219
7519,2219
7520,2219
7521,2219
7522,2219
8362,2219
8406,2219
8407,2219
8408,2219
8649,2219
8650,2219
9041,2219
9250,2219
9347,2219
9371,2219
9375,2219
9546,2219
9554,2219
9604,2219
9670,2219
9896,2219
9899,2219
9956,2219
9957,2219
9958,2219
10077,2219
10319,2219
10579,2219
10771,2219
226,2220
351,2220
909,2220
6305,2220
7148,2220
7545,2220
7546,2220
8299,2220
9347,2220
9375,2220
10077,2220
10256,2220
10771,2220
226,2221
260,2221
268,2221
351,2221
573,2221
838,2221
1224,2221
1560,2221
2040,2221
2417,2221
2471,2221
3199,2221
3902,2221
4230,2221
4458,2221
4933,2221
5184,2221
5858,2221
6944,2221
7137,2221
7148,2221
7518,2221
7519,2221
7520,2221
7521,2221
7522,2221
8362,2221
8406,2221
8407,2221
8408,2221
8649,2221
8650,2221
9041,2221
9250,2221
9347,2221
9371,2221
9375,2221
9546,2221
9554,2221
9604,2221
9670,2221
9896,2221
9899,2221
9956,2221
9957,2221
9958,2221
10077,2221
10319,2221
10579,2221
10771,2221
2040,2222
6323,2222
6324,2222
6325,2222
6326,2222
9545,2222
9546,2222
9896,2222
9899,2222
10077,2222
10771,2222
10973,2222
21,2223
23,2223
226,2223
351,2223
909,2223
2363,2223
2934,2223
3213,2223
4360,2223
6273,2223
6305,2223
6602,2223
7148,2223
7545,2223
7546,2223
8299,2223
9347,2223
9375,2223
10077,2223
10256,2223
10771,2223
226,2224
260,2224
268,2224
351,2224
573,2224
838,2224
1224,2224
1560,2224
2040,2224
2417,2224
2471,2224
3199,2224
3902,2224
4230,2224
4458,2224
4933,2224
5184,2224
5858,2224
6944,2224
7137,2224
7148,2224
7518,2224
7519,2224
7520,2224
7521,2224
7522,2224
8362,2224
8406,2224
8407,2224
8408,2224
8649,2224
8650,2224
9041,2224
9250,2224
9347,2224
9371,2224
9375,2224
9546,2224
9554,2224
9604,2224
9670,2224
9896,2224
9899,2224
9956,2224
9957,2224
9958,2224
10077,2224
10319,2224
10579,2224
10771,2224
2040,2225
6323,2225
6324,2225
6325,2225
6326,2225
9545,2225
9546,2225
9896,2225
9899,2225
10077,2225
10771,2225
10973,2225
1925,2226
6305,2226
7963,2226
7964,2226
8649,2226
8650,2226
9347,2226
9545,2226
9546,2226
9554,2226
9670,2226
9896,2226
9899,2226
9956,2226
10077,2226
10256,2226
10771,2226
226,2227
260,2227
268,2227
351,2227
573,2227
838,2227
940,2227
1224,2227
1560,2227
2040,2227
2417,2227
2471,2227
3199,2227
3902,2227
4458,2227
4933,2227
5184,2227
5858,2227
6944,2227
7137,2227
7148,2227
7517,2227
7518,2227
7519,2227
7520,2227
7521,2227
7522,2227
8362,2227
8406,2227
8407,2227
8408,2227
8649,2227
8650,2227
9041,2227
9250,2227
9347,2227
9371,2227
9375,2227
9546,2227
9554,2227
9670,2227
9896,2227
9899,2227
9956,2227
9957,2227
9958,2227
10077,2227
10319,2227
10579,2227
10771,2227
2040,2228
6323,2228
6324,2228
6325,2228
6326,2228
9545,2228
9546,2228
9896,2228
9899,2228
10077,2228
10771,2228
10973,2228
21,2229
23,2229
226,2229
260,2229
351,2229
1560,2229
1925,2229
2363,2229
2934,2229
3213,2229
3580,2229
3983,2229
4360,2229
4933,2229
5657,2229
6273,2229
6305,2229
6602,2229
7545,2229
7546,2229
7963,2229
7964,2229
8546,2229
8649,2229
8650,2229
9347,2229
9545,2229
9546,2229
9554,2229
9670,2229
9896,2229
9899,2229
10077,2229
10256,2229
10771,2229
10859,2229
10860,2229
10864,2229
226,2230
260,2230
268,2230
351,2230
573,2230
838,2230
1224,2230
1560,2230
2040,2230
2417,2230
2471,2230
3199,2230
3902,2230
4230,2230
4458,2230
4933,2230
5184,2230
5858,2230
6944,2230
7137,2230
7148,2230
7518,2230
7519,2230
7520,2230
7521,2230
7522,2230
8362,2230
8406,2230
8407,2230
8408,2230
8649,2230
8650,2230
9041,2230
9250,2230
9347,2230
9371,2230
9375,2230
9546,2230
9554,2230
9604,2230
9670,2230
9896,2230
9899,2230
9956,2230
9957,2230
9958,2230
10077,2230
10319,2230
10579,2230
10771,2230
2040,2231
6323,2231
6324,2231
6325,2231
6326,2231
9545,2231
9546,2231
9896,2231
9899,2231
10077,2231
10771,2231
10973,2231
21,2232
23,2232
181,2232
186,2232
909,2232
1925,2232
2040,2232
2363,2232
2934,2232
3213,2232
3451,2232
4117,2232
4179,2232
4360,2232
6273,2232
6305,2232
6602,2232
6948,2232
6977,2232
7103,2232
7148,2232
7963,2232
7964,2232
8299,2232
8649,2232
8650,2232
9375,2232
9545,2232
9546,2232
9554,2232
9587,2232
9588,2232
9670,2232
9896,2232
9899,2232
10077,2232
10509,2232
10771,2232
226,2233
260,2233
268,2233
351,2233
573,2233
838,2233
1224,2233
1560,2233
2040,2233
2417,2233
2471,2233
3199,2233
3902,2233
4230,2233
4458,2233
4933,2233
5184,2233
5858,2233
6944,2233
7137,2233
7148,2233
7518,2233
7519,2233
7520,2233
7521,2233
7522,2233
8362,2233
8406,2233
8407,2233
8408,2233
8649,2233
8650,2233
9041,2233
9250,2233
9347,2233
9371,2233
9375,2233
9546,2233
9554,2233
9604,2233
9670,2233
9896,2233
9899,2233
9956,2233
9957,2233
9958,2233
10077,2233
10319,2233
10579,2233
10771,2233
2040,2234
6323,2234
6324,2234
6325,2234
6326,2234
9545,2234
9546,2234
9896,2234
9899,2234
10077,2234
10771,2234
10973,2234
21,2235
23,2235
1925,2235
2363,2235
2934,2235
3213,2235
4360,2235
6273,2235
6305,2235
6602,2235
7963,2235
7964,2235
8649,2235
8650,2235
9347,2235
9545,2235
9546,2235
9554,2235
9670,2235
9896,2235
9899,2235
10077,2235
10256,2235
10771,2235
226,2236
260,2236
268,2236
351,2236
430,2236
573,2236
838,2236
1224,2236
1560,2236
2040,2236
2417,2236
2471,2236
3199,2236
3579,2236
3902,2236
4458,2236
4933,2236
5184,2236
5858,2236
6944,2236
7137,2236
7148,2236
7518,2236
7519,2236
7520,2236
7521,2236
7522,2236
8362,2236
8406,2236
8407,2236
8408,2236
8649,2236
8650,2236
9041,2236
9250,2236
9347,2236
9371,2236
9375,2236
9546,2236
9554,2236
9670,2236
9896,2236
9899,2236
9956,2236
9957,2236
9958,2236
10077,2236
10319,2236
10579,2236
10771,2236
2040,2237
6323,2237
6324,2237
6325,2237
6326,2237
9545,2237
9546,2237
9896,2237
9899,2237
10077,2237
10771,2237
10973,2237
181,2238
225,2238
226,2238
351,2238
478,2238
909,2238
1224,2238
1617,2238
1932,2238
1981,2238
2040,2238
3579,2238
3580,2238
3622,2238
3983,2238
4179,2238
5819,2238
6305,2238
7137,2238
7148,2238
7401,2238
7463,2238
7545,2238
7546,2238
7963,2238
7964,2238
8055,2238
8187,2238
8299,2238
8362,2238
8546,2238
8649,2238
8650,2238
8747,2238
9041,2238
9116,2238
9250,2238
9347,2238
9371,2238
9375,2238
9439,2238
9546,2238
9604,2238
9899,2238
10077,2238
10256,2238
10771,2238
11532,2238
11540,2238
5022,2239
5023,2239
5022,2240
5023,2240
1513,2245
2477,2246
3329,2246
4174,2246
4185,2246
4817,2246
6367,2246
6369,2246
6370,2246
6479,2246
6615,2246
6806,2246
7032,2246
7248,2246
7424,2246
7811,2246
8315,2246
8398,2246
8399,2246
8400,2246
8401,2246
8402,2246
8403,2246
8456,2246
8457,2246
8458,2246
8459,2246
8761,2246
8805,2246
9067,2246
9120,2246
9600,2246
9608,2246
9996,2246
10046,2246
10091,2246
10330,2246
10331,2246
10332,2246
10338,2246
10339,2246
10340,2246
10581,2246
10582,2246
10583,2246
10584,2246
10585,2246
10586,2246
10601,2246
10640,2246
12224,2246
2477,2247
7853,2247
7854,2247
7855,2247
7856,2247
7857,2247
7858,2247
7859,2247
7860,2247
7861,2247
7862,2247
7863,2247
7864,2247
7865,2247
7866,2247
7867,2247
9600,2247
292,2248
948,2248
977,2248
2477,2248
4506,2248
4610,2248
4611,2248
4817,2248
5187,2248
5248,2248
6806,2248
7032,2248
7325,2248
7424,2248
7740,2248
8446,2248
8761,2248
8805,2248
9253,2248
9421,2248
9600,2248
9608,2248
10043,2248
10046,2248
10276,2248
11656,2248
12229,2248
12235,2248
1012,2249
1976,2249
2327,2249
2328,2249
2329,2249
2346,2249
2477,2249
2479,2249
2557,2249
3330,2249
4174,2249
4175,2249
4817,2249
5224,2249
6165,2249
6479,2249
6615,2249
7248,2249
7424,2249
7507,2249
7786,2249
8315,2249
8402,2249
8456,2249
8457,2249
8458,2249
8459,2249
8761,2249
9120,2249
9557,2249
9558,2249
9600,2249
9608,2249
10330,2249
10331,2249
10332,2249
10338,2249
10339,2249
10340,2249
10581,2249
10582,2249
10583,2249
10584,2249
10601,2249
10640,2249
12224,2249
12323,2249
12325,2249
12326,2249
12327,2249
996,2250
2477,2250
4174,2250
4175,2250
4186,2250
4506,2250
4610,2250
4611,2250
4817,2250
5248,2250
5505,2250
6615,2250
7508,2250
7740,2250
7852,2250
7853,2250
7854,2250
7855,2250
7856,2250
7857,2250
7858,2250
7859,2250
7860,2250
7861,2250
7862,2250
7863,2250
7864,2250
7865,2250
7866,2250
7867,2250
8416,2250
8417,2250
8446,2250
9058,2250
9120,2250
9201,2250
9600,2250
9802,2250
9854,2250
10139,2250
10151,2250
11492,2250
11589,2250
11604,2250
11656,2250
11672,2250
11673,2250
12224,2250
4174,2251
5505,2251
2477,2252
4506,2252
4610,2252
4611,2252
5173,2252
5248,2252
9600,2252
10043,2252
416,2253
417,2253
418,2253
1368,2253
1962,2253
2477,2253
2901,2253
3329,2253
4174,2253
4186,2253
4610,2253
4611,2253
5584,2253
6165,2253
6367,2253
6369,2253
6370,2253
6479,2253
7248,2253
7424,2253
7507,2253
8315,2253
8398,2253
8399,2253
8402,2253
8403,2253
8456,2253
8457,2253
8458,2253
8761,2253
9032,2253
9120,2253
9297,2253
9397,2253
9600,2253
9608,2253
9854,2253
9996,2253
10043,2253
10046,2253
10091,2253
10110,2253
10330,2253
10331,2253
10332,2253
10591,2253
10592,2253
10593,2253
10594,2253
10640,2253
2477,2254
7230,2257
1314,2258
2315,2258
4461,2258
4462,2258
4530,2258
5626,2258
5627,2258
5654,2258
5900,2258
5901,2258
5970,2258
6108,2258
6253,2258
6913,2258
7126,2258
7230,2258
8191,2258
9373,2258
9387,2258
9877,2258
12238,2258
12239,2258
12240,2258
4892,2259
9200,2259
4211,2261
4892,2261
3292,2263
9975,2263
3236,2264
4213,2264
4329,2264
4344,2264
4822,2264
10314,2264
10450,2264
4344,2266
6783,2266
9170,2266
4344,2267
324,2268
1865,2268
1866,2268
2052,2268
2175,2268
3131,2268
3774,2268
4344,2268
4821,2268
4861,2268
4969,2268
5666,2268
5667,2268
6612,2268
7324,2268
10321,2268
11185,2268
11651,2268
11677,2268
4344,2270
4821,2270
6612,2270
1225,2271
1348,2271
2854,2271
2954,2271
4419,2271
4463,2271
4838,2271
5043,2271
5067,2271
5215,2271
5630,2271
5738,2271
5946,2271
6026,2271
6044,2271
6160,2271
6176,2271
6177,2271
6178,2271
6459,2271
6460,2271
6461,2271
6462,2271
6465,2271
11875,2271
11882,2271
252,2272
407,2272
602,2272
971,2272
1472,2272
2321,2272
2460,2272
2524,2272
2525,2272
2526,2272
2527,2272
2800,2272
2835,2272
2848,2272
2854,2272
2993,2272
2994,2272
3511,2272
3625,2272
4332,2272
4653,2272
5738,2272
5999,2272
6000,2272
6457,2272
6463,2272
6751,2272
6756,2272
7328,2272
7476,2272
7477,2272
7478,2272
7479,2272
7480,2272
7549,2272
7550,2272
9224,2272
9225,2272
9226,2272
9227,2272
9228,2272
9229,2272
10343,2272
10346,2272
11060,2272
2654,2274
3313,2274
8993,2274
8994,2274
10047,2274
11260,2274
11510,2274
11609,2274
12011,2274
1841,2275
2010,2275
2654,2275
3313,2275
3438,2275
4006,2275
4658,2275
5099,2275
5102,2275
5548,2275
6121,2275
6125,2275
6275,2275
8727,2275
8993,2275
8994,2275
10047,2275
11260,2275
11510,2275
11609,2275
2647,2276
4312,2276
4699,2276
8658,2276
8815,2276
11044,2276
11045,2276
11047,2276
11048,2276
11679,2276
2181,2277
2182,2277
5439,2277
5440,2277
5441,2277
8499,2277
9422,2277
10047,2277
11260,2277
11609,2277
12009,2277
5362,2278
1362,2279
2709,2279
2559,2281
2596,2281
4502,2281
4714,2281
4751,2281
4752,2281
4926,2281
5097,2281
6199,2281
7184,2281
10137,2281
11663,2281
4751,2282
7184,2282
4502,2283
4751,2283
4752,2283
4926,2283
6199,2283
7184,2283
2374,2289
3236,2289
2374,2290
2374,2293
2432,2294
3130,2294
4257,2294
4277,2294
4315,2294
4582,2294
4583,2294
4874,2294
4878,2294
4948,2294
6507,2294
6508,2294
8797,2294
9154,2294
9406,2294
9407,2294
9706,2294
9975,2294
10019,2294
10036,2294
10486,2294
10846,2294
11146,2294
11246,2294
11254,2294
11268,2294
11324,2294
11428,2294
11586,2294
11616,2294
11643,2294
11689,2294
12211,2294
2432,2295
4257,2295
4277,2295
4315,2295
4874,2295
4878,2295
6508,2295
8797,2295
9406,2295
9407,2295
9975,2295
10019,2295
10036,2295
11246,2295
11324,2295
11586,2295
11616,2295
12182,2295
12354,2295
2432,2296
4257,2296
4277,2296
4315,2296
4874,2296
4878,2296
6508,2296
8797,2296
9406,2296
9407,2296
10019,2296
10036,2296
4435,2297
4435,2298
4435,2299
4435,2301
4435,2302
4435,2303
4216,2304
4257,2304
4277,2304
4315,2304
4788,2304
4874,2304
9406,2304
9407,2304
1676,2305
4216,2305
4257,2305
4277,2305
4281,2305
4305,2305
4315,2305
4788,2305
4874,2305
9406,2305
9407,2305
9820,2305
156,2309
3096,2309
25,2310
1639,2310
6477,2310
4455,2312
648,2313
4676,2316
5254,2317
2420,2318
2423,2318
3680,2318
4491,2318
2996,2319
4927,2320
189,2321
193,2321
4761,2321
11135,2321
11136,2321
11137,2321
11138,2321
11140,2321
11141,2321
11142,2321
11143,2321
11148,2321
11156,2321
11157,2321
11903,2321
11904,2321
74,2322
190,2322
578,2322
1178,2322
1641,2322
1707,2322
1746,2322
2499,2322
2566,2322
2568,2322
3168,2322
6636,2322
6846,2322
8227,2322
9607,2322
7770,2323
7808,2323
7809,2323
827,2325
1167,2325
1568,2325
6147,2325
7062,2325
7056,2326
7164,2328
33,2329
94,2329
118,2329
1375,2329
1680,2329
1688,2329
2028,2329
2554,2329
2669,2329
2930,2329
2957,2329
3087,2329
3212,2329
3492,2329
3547,2329
3548,2329
4079,2329
4166,2329
4230,2329
4231,2329
4478,2329
4612,2329
4763,2329
4934,2329
4981,2329
5155,2329
5238,2329
6018,2329
6033,2329
6303,2329
6304,2329
7511,2329
7785,2329
7800,2329
7801,2329
8809,2329
8925,2329
8928,2329
9602,2329
9925,2329
9986,2329
9997,2329
10053,2329
10475,2329
10944,2329
11525,2329
12123,2329
12193,2329
12205,2329
21,2330
80,2330
89,2330
94,2330
3568,2330
3902,2330
4168,2330
4229,2330
4230,2330
4613,2330
4637,2330
4766,2330
4966,2330
4974,2330
5976,2330
5977,2330
6018,2330
6238,2330
6647,2330
8925,2330
8930,2330
9490,2330
9925,2330
9986,2330
10557,2330
10561,2330
10944,2330
12109,2330
12118,2330
12123,2330
12152,2330
12153,2330
12154,2330
2669,2331
4229,2331
4937,2331
8809,2331
8925,2331
23,2332
82,2332
94,2332
393,2332
573,2332
1372,2332
1530,2332
2531,2332
2720,2332
2721,2332
2722,2332
2723,2332
3184,2332
3185,2332
3186,2332
3489,2332
4079,2332
4188,2332
4230,2332
4964,2332
5154,2332
5155,2332
5238,2332
5239,2332
5243,2332
6018,2332
6142,2332
6143,2332
7785,2332
7998,2332
8379,2332
8925,2332
8927,2332
9477,2332
9516,2332
9925,2332
9986,2332
10017,2332
10018,2332
10264,2332
10344,2332
10944,2332
11525,2332
12104,2332
12114,2332
12115,2332
12123,2332
12193,2332
94,2333
212,2333
1322,2333
1600,2333
1688,2333
1745,2333
2669,2333
3070,2333
3163,2333
3213,2333
3521,2333
3530,2333
4079,2333
4168,2333
4229,2333
4230,2333
4360,2333
4478,2333
4612,2333
4613,2333
4934,2333
4966,2333
4974,2333
4984,2333
5156,2333
5392,2333
8809,2333
8930,2333
11525,2333
12123,2333
23,2334
33,2334
94,2334
118,2334
393,2334
1680,2334
2028,2334
2554,2334
2769,2334
2930,2334
2957,2334
3087,2334
3212,2334
3236,2334
3492,2334
3542,2334
3547,2334
3626,2334
4105,2334
4578,2334
4979,2334
4981,2334
6304,2334
6653,2334
7249,2334
7250,2334
7337,2334
7785,2334
7800,2334
7801,2334
7903,2334
8082,2334
8809,2334
8928,2334
9052,2334
9055,2334
9104,2334
9137,2334
9477,2334
9602,2334
9925,2334
9986,2334
10053,2334
10054,2334
10852,2334
10853,2334
11525,2334
12205,2334
12265,2334
12312,2334
21,2335
80,2335
89,2335
1688,2335
1745,2335
3542,2335
3568,2335
3902,2335
4229,2335
4230,2335
4613,2335
4637,2335
4974,2335
8930,2335
9925,2335
10557,2335
10561,2335
23,2336
82,2336
89,2336
94,2336
99,2336
129,2336
309,2336
393,2336
475,2336
573,2336
1372,2336
1530,2336
1745,2336
2260,2336
2531,2336
2720,2336
2721,2336
2722,2336
2723,2336
3184,2336
3185,2336
3186,2336
3213,2336
3521,2336
3530,2336
4188,2336
4229,2336
4230,2336
4613,2336
4637,2336
4974,2336
5154,2336
5155,2336
5238,2336
5239,2336
5243,2336
6018,2336
6032,2336
6142,2336
6143,2336
6179,2336
7785,2336
7903,2336
8925,2336
8927,2336
9925,2336
10132,2336
10465,2336
11525,2336
12123,2336
1322,2337
4229,2337
4478,2337
5155,2337
6238,2337
10944,2337
94,2338
212,2338
1322,2338
1688,2338
1745,2338
3163,2338
3213,2338
3521,2338
4229,2338
4230,2338
4360,2338
4478,2338
4612,2338
4613,2338
4934,2338
4974,2338
5156,2338
5392,2338
8925,2338
8927,2338
11525,2338
12109,2338
12118,2338
12123,2338
12152,2338
12153,2338
12154,2338
12193,2338
33,2339
89,2339
94,2339
118,2339
1525,2339
1680,2339
2028,2339
2554,2339
2626,2339
2770,2339
2930,2339
2957,2339
3003,2339
3087,2339
3212,2339
3236,2339
3492,2339
3547,2339
3626,2339
4124,2339
4166,2339
4361,2339
4979,2339
5088,2339
5101,2339
5155,2339
5238,2339
5243,2339
6018,2339
6238,2339
6304,2339
7785,2339
7800,2339
7801,2339
8082,2339
8809,2339
8928,2339
9029,2339
9602,2339
9849,2339
9925,2339
9986,2339
9997,2339
10053,2339
10054,2339
10599,2339
11525,2339
12123,2339
12205,2339
12312,2339
5239,2340
21,2341
80,2341
89,2341
94,2341
1525,2341
2027,2341
2363,2341
2669,2341
2770,2341
3070,2341
3521,2341
3568,2341
3902,2341
4229,2341
4230,2341
4613,2341
4637,2341
4966,2341
5238,2341
5976,2341
5977,2341
8925,2341
8927,2341
8930,2341
9925,2341
10191,2341
10557,2341
10561,2341
10944,2341
23,2342
33,2342
82,2342
94,2342
118,2342
393,2342
573,2342
1372,2342
1530,2342
1657,2342
2531,2342
3087,2342
3184,2342
3185,2342
3186,2342
3212,2342
3489,2342
3547,2342
4069,2342
4079,2342
4166,2342
4168,2342
4188,2342
4230,2342
4646,2342
5154,2342
5238,2342
5243,2342
6018,2342
6142,2342
6143,2342
6238,2342
7726,2342
9477,2342
9516,2342
9925,2342
9986,2342
10017,2342
10018,2342
10129,2342
10134,2342
10344,2342
11525,2342
12123,2342
12148,2342
12149,2342
12150,2342
12151,2342
12193,2342
1213,2343
1526,2343
1680,2343
2377,2343
2446,2343
2957,2343
3003,2343
3195,2343
3521,2343
4229,2343
4612,2343
4613,2343
5243,2343
7743,2343
8082,2343
8782,2343
10053,2343
10054,2343
11290,2343
11381,2343
11525,2343
11726,2343
11728,2343
12123,2343
12193,2343
126,2344
5155,2344
4852,2347
10910,2347
10911,2347
11333,2347
11993,2347
3310,2348
3806,2348
4852,2348
5699,2348
6513,2348
7835,2348
7836,2348
7837,2348
7838,2348
10910,2348
10911,2348
11333,2348
11993,2348
12093,2348
941,2349
4932,2349
5268,2349
5269,2349
6830,2349
6881,2349
9111,2349
11095,2349
11574,2349
11606,2349
11610,2349
11652,2349
11680,2349
11696,2349
11733,2349
11736,2349
11737,2349
11743,2349
11744,2349
11750,2349
3956,2350
9024,2350
9025,2350
9026,2350
9027,2350
9028,2350
9111,2350
5269,2351
6881,2351
11095,2351
11606,2351
11652,2351
11696,2351
11736,2351
6881,2352
11652,2352
5561,2353
2919,2354
4967,2354
5436,2354
5857,2354
4874,2355
1648,2356
1868,2356
1869,2356
4141,2356
4327,2356
4731,2356
5698,2356
6503,2356
11682,2356
12255,2356
1868,2357
4141,2357
4327,2357
4731,2357
5698,2357
6287,2357
6343,2357
12255,2357
4940,2358
7750,2359
6536,2360
2304,2362
5297,2362
6565,2362
6566,2362
6595,2362
6596,2362
11821,2362
11821,2363
2304,2364
6565,2364
6566,2364
8793,2364
8794,2364
10306,2364
10307,2364
11309,2364
11821,2364
1734,2365
4657,2365
4742,2365
4940,2365
5437,2365
5506,2365
5572,2365
5573,2365
6857,2365
7566,2365
9290,2365
12141,2365
7164,2366
1922,2367
4605,2367
5037,2367
8659,2367
9716,2367
9717,2367
11071,2367
11848,2367
12324,2367
12328,2367
12331,2367
12261,2368
12340,2368
4867,2369
9154,2369
10429,2369
10725,2369
10738,2369
11483,2369
12261,2369
12275,2369
12340,2369
197,2371
2574,2371
197,2372
354,2372
5771,2372
7413,2372
7414,2372
335,2373
749,2373
1035,2373
2688,2373
4431,2373
4432,2373
8761,2373
335,2374
749,2374
1035,2374
2688,2374
4431,2374
4432,2374
8761,2374
4833,2375
5589,2375
9129,2375
10253,2377
10254,2377
10295,2377
10296,2377
960,2378
2793,2378
4345,2378
4461,2378
11483,2378
12261,2378
12340,2378
960,2379
2793,2379
4461,2379
4768,2379
9006,2379
4697,2380
4460,2381
5033,2381
5836,2381
7755,2381
549,2382
1274,2382
2692,2382
3025,2382
3338,2382
3898,2382
4257,2382
4434,2382
4530,2382
5010,2382
5188,2382
5313,2382
7168,2382
9342,2382
9346,2382
11075,2382
11102,2382
11350,2382
4132,2383
882,2384
4679,2384
7141,2384
3378,2385
9733,2385
9734,2385
9735,2385
9736,2385
9737,2385
9738,2385
9739,2385
9740,2385
85,2386
111,2386
569,2386
585,2386
937,2386
961,2386
983,2386
1651,2386
2121,2386
2492,2386
2513,2386
2775,2386
2936,2386
3027,2386
3038,2386
3106,2386
3937,2386
4235,2386
4828,2386
6395,2386
6925,2386
7185,2386
7199,2386
7246,2386
8858,2386
9367,2386
9369,2386
12088,2386
1536,2387
2487,2387
2488,2387
4222,2387
5844,2387
8217,2387
8218,2387
8219,2387
9462,2387
9469,2387
2627,2388
4461,2388
4700,2388
5123,2388
6245,2388
2627,2389
4913,2390
2627,2392
10394,2392
4238,2394
9288,2394
9289,2394
11413,2394
4238,2395
4238,2396
4913,2398
2627,2399
12076,2399
12077,2399
12078,2399
12079,2399
2627,2400
12076,2400
12077,2400
12078,2400
12079,2400
5434,2401
5435,2401
1439,2402
2627,2402
2926,2402
4913,2402
6245,2402
7000,2402
10394,2402
12076,2402
12077,2402
12078,2402
12079,2402
2627,2403
12076,2403
12077,2403
12078,2403
12079,2403
12076,2404
12077,2404
12078,2404
12079,2404
12076,2405
12077,2405
12078,2405
12079,2405
2627,2407
4913,2407
2627,2408
2627,2409
4913,2409
2627,2410
2627,2411
4913,2411
2627,2413
12076,2413
12077,2413
12078,2413
12079,2413
2627,2414
6245,2415
6245,2416
6649,2418
4783,2419
4783,2420
1676,2421
4257,2421
4315,2421
4257,2422
4315,2422
4257,2423
4281,2423
4315,2423
4788,2423
4874,2423
9402,2423
9406,2423
9407,2423
1584,2424
2840,2424
4257,2424
4315,2424
4788,2424
4874,2424
11188,2424
4257,2425
4788,2425
4874,2425
11188,2425
4257,2426
4315,2426
4788,2426
4874,2426
11188,2426
3469,2427
3470,2427
3471,2427
3472,2427
4608,2428
10111,2428
10485,2428
4608,2429
2558,2430
2900,2430
5141,2430
3427,2431
3641,2431
4695,2431
5086,2431
5438,2431
8051,2431
8052,2431
8054,2431
8849,2431
8850,2431
8851,2431
8852,2431
8853,2431
11435,2431
11907,2431
1788,2432
2408,2432
3031,2432
3062,2432
3112,2432
4739,2432
10951,2432
11300,2432
11337,2432
144,2433
385,2433
3969,2433
9911,2433
9912,2433
10705,2433
4526,2436
9,2437
246,2437
293,2437
306,2437
434,2437
443,2437
653,2437
950,2437
958,2437
2458,2437
2731,2437
3272,2437
3991,2437
4170,2437
4313,2437
4322,2437
4526,2437
6720,2437
6750,2437
6761,2437
6773,2437
6811,2437
7065,2437
7437,2437
7652,2437
7798,2437
8686,2437
8687,2437
8688,2437
8689,2437
8708,2437
9251,2437
9282,2437
9317,2437
9363,2437
9817,2437
10195,2437
10265,2437
10628,2437
11167,2437
11570,2437
11571,2437
11676,2437
11725,2437
11757,2437
11826,2437
12006,2437
12007,2437
12013,2437
12165,2437
400,2438
401,2438
402,2438
403,2438
2639,2438
2731,2438
4170,2438
8480,2438
8481,2438
8482,2438
8483,2438
8484,2438
8485,2438
8737,2438
9198,2438
9292,2438
9363,2438
11167,2440
11305,2440
11451,2440
11650,2440
11826,2440
11889,2440
12006,2440
12007,2440
400,2441
402,2441
2639,2441
4170,2441
4526,2441
6773,2441
8480,2441
8481,2441
8482,2441
8483,2441
8485,2441
8737,2441
9198,2441
9363,2441
306,2442
4322,2442
8656,2442
11826,2442
11826,2443
9079,2446
9079,2447
9079,2448
114,2449
2040,2449
2811,2449
3083,2449
3450,2449
3516,2449
4353,2449
6947,2449
9486,2449
9487,2449
9527,2449
9528,2449
9529,2449
9530,2449
9531,2449
9532,2449
10031,2449
10032,2449
10077,2449
10488,2449
4463,2453
1544,2454
2804,2454
2946,2454
4150,2454
4362,2454
4859,2454
7911,2454
7912,2454
8798,2454
10427,2454
10824,2454
11787,2454
578,2457
1411,2457
1746,2457
3808,2457
3878,2457
3884,2457
6155,2457
6346,2457
6804,2457
6911,2457
6912,2457
7315,2457
8868,2457
8944,2457
9396,2457
9607,2457
11320,2457
11575,2457
11827,2457
11864,2457
11991,2457
12346,2457
1777,2458
1860,2458
1909,2458
1910,2458
578,2459
11320,2459
11336,2459
11807,2459
12369,2459
12370,2459
1746,2460
4963,2460
9396,2460
9607,2460
11778,2460
11827,2460
190,2461
1492,2461
3168,2461
4456,2461
5219,2461
6846,2461
8875,2461
8936,2461
9396,2461
9607,2461
578,2462
2165,2462
2253,2462
2413,2462
2415,2462
2499,2462
2566,2462
2568,2462
2591,2462
3578,2462
3741,2462
4456,2462
5170,2462
5219,2462
5975,2462
6144,2462
6249,2462
6667,2462
6696,2462
6820,2462
8875,2462
8936,2462
9396,2462
9607,2462
9635,2462
10576,2462
1492,2463
4456,2463
5219,2463
8875,2463
8936,2463
9396,2463
9607,2463
578,2464
2165,2464
2253,2464
2413,2464
2415,2464
2499,2464
2566,2464
2568,2464
2591,2464
3578,2464
3741,2464
4456,2464
5170,2464
5219,2464
5975,2464
6144,2464
6249,2464
6667,2464
6696,2464
6820,2464
8936,2464
9396,2464
9607,2464
9635,2464
10576,2464
2413,2465
2499,2465
2566,2465
6820,2465
8936,2465
9607,2465
9852,2465
11036,2465
578,2466
2165,2466
2253,2466
2413,2466
2415,2466
2499,2466
2566,2466
2568,2466
2591,2466
3578,2466
3741,2466
4456,2466
5170,2466
5219,2466
5975,2466
6144,2466
6249,2466
6667,2466
6696,2466
6820,2466
8936,2466
9396,2466
9607,2466
9635,2466
10576,2466
2413,2467
6820,2467
8936,2467
9607,2467
9852,2467
11036,2467
2413,2468
578,2469
1605,2469
1746,2469
2591,2469
2678,2469
2785,2469
10664,2469
11827,2469
37,2471
74,2471
102,2471
178,2471
578,2471
3201,2471
3202,2471
4065,2471
4133,2471
4456,2471
4529,2471
4547,2471
4620,2471
4703,2471
5205,2471
5792,2471
5913,2471
5963,2471
5964,2471
6114,2471
6123,2471
6134,2471
6274,2471
6280,2471
6636,2471
6774,2471
6846,2471
6848,2471
6851,2471
7106,2471
7190,2471
7408,2471
7731,2471
7754,2471
7829,2471
8188,2471
8944,2471
9396,2471
9607,2471
10052,2471
10133,2471
10135,2471
10164,2471
11827,2471
6846,2472
8596,2472
37,2473
74,2473
102,2473
178,2473
578,2473
3201,2473
3202,2473
4065,2473
4133,2473
4456,2473
4529,2473
4547,2473
4620,2473
4703,2473
5205,2473
5792,2473
5913,2473
5963,2473
5964,2473
6114,2473
6123,2473
6134,2473
6274,2473
6280,2473
6636,2473
6774,2473
6846,2473
6848,2473
6851,2473
7106,2473
7190,2473
7408,2473
7731,2473
7829,2473
8188,2473
8944,2473
9396,2473
9607,2473
10052,2473
10133,2473
10135,2473
10164,2473
6846,2474
8596,2474
37,2475
74,2475
163,2475
235,2475
404,2475
412,2475
413,2475
419,2475
578,2475
1027,2475
1028,2475
1031,2475
1032,2475
1601,2475
1643,2475
3160,2475
3168,2475
3201,2475
3202,2475
4017,2475
4064,2475
4301,2475
4456,2475
5330,2475
5373,2475
5374,2475
5375,2475
5376,2475
5944,2475
6274,2475
6280,2475
6319,2475
6523,2475
6636,2475
6774,2475
6846,2475
6848,2475
6851,2475
7313,2475
7885,2475
8189,2475
8227,2475
9396,2475
9607,2475
9668,2475
9771,2475
10699,2475
11394,2475
11446,2475
11827,2475
190,2476
3168,2476
190,2477
217,2477
224,2477
404,2477
435,2477
578,2477
1158,2477
1492,2477
1641,2477
3168,2477
3201,2477
3202,2477
3945,2477
4064,2477
6851,2477
8596,2477
8717,2477
9607,2477
37,2478
74,2478
163,2478
412,2478
413,2478
419,2478
578,2478
1027,2478
1028,2478
1031,2478
1032,2478
1239,2478
1601,2478
1643,2478
3160,2478
3168,2478
3201,2478
3202,2478
4017,2478
4301,2478
4456,2478
5330,2478
5373,2478
5374,2478
5376,2478
6274,2478
6280,2478
6319,2478
6636,2478
6774,2478
6846,2478
6848,2478
6851,2478
7234,2478
7313,2478
7754,2478
7885,2478
8227,2478
8318,2478
9396,2478
9607,2478
9668,2478
9745,2478
9771,2478
10699,2478
10905,2478
11394,2478
11446,2478
11943,2478
12322,2478
190,2479
217,2479
224,2479
404,2479
435,2479
578,2479
1158,2479
1492,2479
1641,2479
3168,2479
3201,2479
3202,2479
3945,2479
4064,2479
6851,2479
8542,2479
8596,2479
8717,2479
9607,2479
37,2480
74,2480
163,2480
190,2480
217,2480
404,2480
412,2480
413,2480
578,2480
1027,2480
1028,2480
1029,2480
1031,2480
1032,2480
1601,2480
1641,2480
1643,2480
2413,2480
3160,2480
3168,2480
3201,2480
3202,2480
4017,2480
4064,2480
4301,2480
4456,2480
5373,2480
5374,2480
5375,2480
5376,2480
5944,2480
6249,2480
6274,2480
6280,2480
6319,2480
6523,2480
6636,2480
6774,2480
6846,2480
6848,2480
6851,2480
7313,2480
7731,2480
7885,2480
8189,2480
8227,2480
9396,2480
9607,2480
10699,2480
11394,2480
190,2481
3168,2481
190,2482
217,2482
224,2482
578,2482
1158,2482
1492,2482
3168,2482
3201,2482
3202,2482
3945,2482
4064,2482
6851,2482
8596,2482
8717,2482
9607,2482
37,2483
74,2483
163,2483
412,2483
413,2483
419,2483
578,2483
1027,2483
1028,2483
1031,2483
1032,2483
1239,2483
1601,2483
1643,2483
2415,2483
3160,2483
3168,2483
3201,2483
3202,2483
4017,2483
4301,2483
4456,2483
5330,2483
5373,2483
5374,2483
5375,2483
5376,2483
6274,2483
6280,2483
6319,2483
6636,2483
6667,2483
6774,2483
6846,2483
6848,2483
6851,2483
7313,2483
7885,2483
8189,2483
8227,2483
8936,2483
9396,2483
9607,2483
9668,2483
9771,2483
10699,2483
11394,2483
11446,2483
11943,2483
12322,2483
190,2484
3168,2484
190,2485
217,2485
224,2485
404,2485
435,2485
578,2485
1158,2485
1492,2485
1641,2485
3168,2485
3201,2485
3202,2485
3945,2485
4064,2485
6851,2485
8596,2485
8717,2485
9607,2485
1550,2486
2657,2486
3322,2486
3323,2486
3480,2486
3790,2486
4770,2486
4963,2486
6374,2486
6375,2486
6431,2486
6644,2486
6846,2486
7068,2486
7069,2486
7669,2486
7670,2486
7671,2486
7672,2486
8875,2486
8936,2486
9126,2486
9607,2486
9943,2486
9944,2486
10247,2486
11394,2486
224,2487
409,2487
676,2487
693,2487
863,2487
1252,2487
1415,2487
1492,2487
1505,2487
2007,2487
2165,2487
2253,2487
3030,2487
3064,2487
3480,2487
3578,2487
3741,2487
3929,2487
3930,2487
3932,2487
3934,2487
3945,2487
4456,2487
4547,2487
4718,2487
4770,2487
5170,2487
5219,2487
5306,2487
5975,2487
6487,2487
6488,2487
6528,2487
6667,2487
6696,2487
7931,2487
8296,2487
8936,2487
8943,2487
9396,2487
9607,2487
9635,2487
10576,2487
11033,2487
11036,2487
11285,2487
11286,2487
11339,2487
11340,2487
11827,2487
4963,2488
8596,2488
9607,2488
2413,2489
4870,2489
4963,2489
9607,2489
1746,2491
4963,2491
8936,2491
9396,2491
9607,2491
11778,2491
2413,2492
4870,2492
4963,2492
9607,2492
1746,2493
4963,2493
8936,2493
9396,2493
9607,2493
2413,2494
4870,2494
4963,2494
9607,2494
1746,2495
4963,2495
8936,2495
8943,2495
9396,2495
9607,2495
2413,2496
4870,2496
4963,2496
9607,2496
1746,2497
4963,2497
8936,2497
9396,2497
9607,2497
1746,2498
2415,2498
4456,2498
5693,2498
6667,2498
10590,2498
1746,2500
4456,2500
11827,2500
1746,2501
1746,2502
9396,2503
9607,2503
4438,2504
4593,2504
4887,2504
6133,2504
7794,2504
11563,2504
6637,2505
6638,2505
4438,2506
6133,2506
6637,2507
6638,2507
4438,2508
6133,2508
4438,2509
6133,2509
4216,2510
4257,2510
4593,2510
4617,2510
4788,2510
4874,2510
8976,2510
9406,2510
9407,2510
11765,2510
12315,2510
52,2511
538,2511
616,2511
1553,2511
1944,2511
2501,2511
2502,2511
2893,2511
9440,2511
9447,2511
9498,2511
9594,2511
9617,2511
9970,2511
12168,2511
8930,2512
1762,2513
4299,2513
4362,2513
4363,2513
4859,2513
5497,2513
4236,2514
4348,2514
4364,2514
2804,2516
4363,2516
4859,2516
5497,2516
7171,2516
7531,2516
7532,2516
7533,2516
7534,2516
8696,2516
4236,2517
4348,2517
4364,2517
8696,2517
10121,2517
2439,2518
4363,2518
3691,2519
4362,2519
4363,2519
4859,2519
5497,2519
7531,2519
7532,2519
7533,2519
7534,2519
11429,2519
4236,2520
4348,2520
4364,2520
4795,2520
4362,2522
4363,2522
7531,2522
7532,2522
7533,2522
7534,2522
7535,2522
11429,2522
4236,2523
4348,2523
4364,2523
4363,2524
9907,2525
9953,2525
10127,2525
10322,2525
10502,2525
10661,2525
10665,2525
8885,2527
7715,2528
10196,2528
4471,2531
8508,2531
1071,2532
1772,2532
11174,2532
695,2533
737,2533
3545,2533
3684,2533
9730,2533
10922,2533
10923,2533
10924,2533
11449,2533
12302,2533
12305,2533
12306,2533
4362,2534
5110,2534
5617,2534
7160,2534
10588,2534
4362,2535
4859,2535
5497,2535
7171,2535
7444,2535
10971,2535
10972,2535
10979,2535
7263,2537
11899,2537
11932,2537
2585,2538
3534,2538
259,2539
272,2539
297,2539
1143,2539
1672,2539
2409,2539
2432,2539
2638,2539
3286,2539
3292,2539
3452,2539
3673,2539
4257,2539
4277,2539
4315,2539
4396,2539
4407,2539
4788,2539
4874,2539
4878,2539
4880,2539
6492,2539
6508,2539
6957,2539
7195,2539
7492,2539
8056,2539
8575,2539
8883,2539
9207,2539
9401,2539
9402,2539
9406,2539
9407,2539
9535,2539
9855,2539
9918,2539
9976,2539
10019,2539
10036,2539
10051,2539
10370,2539
11246,2539
11255,2539
11484,2539
11792,2539
12284,2539
12354,2539
259,2540
284,2540
356,2540
564,2540
1143,2540
2384,2540
2940,2540
3671,2540
3673,2540
3825,2540
4257,2540
4743,2540
4825,2540
6040,2540
7322,2540
8159,2540
259,2541
273,2541
372,2541
2384,2541
4268,2541
4825,2541
7049,2541
8376,2541
272,2542
297,2542
366,2542
2432,2542
3140,2542
3286,2542
3292,2542
3311,2542
3452,2542
3799,2542
3835,2542
4257,2542
4402,2542
4403,2542
4407,2542
4468,2542
4469,2542
4470,2542
4788,2542
4878,2542
4950,2542
4951,2542
5943,2542
6424,2542
6492,2542
6508,2542
6957,2542
7034,2542
7049,2542
7135,2542
7195,2542
7240,2542
7492,2542
7570,2542
7583,2542
7869,2542
8056,2542
8159,2542
8575,2542
8883,2542
9157,2542
9207,2542
9855,2542
9976,2542
10036,2542
10370,2542
10742,2542
11643,2542
11792,2542
12182,2542
259,2543
273,2543
284,2543
356,2543
372,2543
564,2543
1143,2543
1223,2543
1265,2543
1400,2543
1576,2543
2384,2543
2940,2543
3286,2543
3549,2543
3671,2543
3673,2543
3825,2543
4257,2543
4268,2543
4269,2543
4270,2543
4743,2543
4825,2543
6040,2543
6398,2543
6424,2543
6625,2543
7322,2543
8159,2543
8376,2543
8487,2543
8488,2543
8489,2543
8490,2543
8491,2543
8492,2543
8494,2543
8495,2543
8505,2543
8506,2543
8507,2543
8575,2543
8973,2543
273,2544
372,2544
2384,2544
4268,2544
4825,2544
8376,2544
3,2545
38,2545
61,2545
105,2545
122,2545
206,2545
1656,2545
2379,2545
2738,2545
3646,2545
3648,2545
3743,2545
4182,2545
5323,2545
7145,2545
11497,2545
11498,2545
19,2546
61,2546
146,2546
252,2546
270,2546
581,2546
824,2546
1343,2546
1649,2546
1976,2546
2024,2546
2312,2546
2313,2546
2338,2546
2645,2546
2815,2546
3010,2546
3048,2546
3074,2546
3075,2546
3076,2546
3077,2546
3161,2546
3448,2546
3648,2546
3959,2546
4267,2546
4453,2546
4889,2546
5869,2546
5984,2546
6016,2546
6017,2546
6968,2546
7379,2546
7381,2546
7383,2546
8596,2546
8863,2546
8864,2546
9392,2546
9451,2546
10234,2546
10297,2546
10416,2546
10519,2546
10524,2546
11498,2546
11843,2546
1656,2547
2068,2547
3011,2547
3648,2547
4116,2547
4457,2547
6568,2547
9325,2548
12,2549
16,2549
26,2549
38,2549
86,2549
135,2549
295,2549
452,2549
824,2549
873,2549
1547,2549
1609,2549
1656,2549
1687,2549
1692,2549
2410,2549
2430,2549
2890,2549
3074,2549
4159,2549
4382,2549
5662,2549
5909,2549
5984,2549
6366,2549
6567,2549
6976,2549
8180,2549
8220,2549
9257,2549
9325,2549
10297,2549
11497,2549
11498,2549
12087,2549
3,2550
12,2550
14,2550
61,2550
67,2550
73,2550
108,2550
252,2550
295,2550
824,2550
868,2550
870,2550
871,2550
1357,2550
1656,2550
2550,2550
2683,2550
3074,2550
3252,2550
3648,2550
5528,2550
6584,2550
6983,2550
7112,2550
7381,2550
7994,2550
8366,2550
8838,2550
9756,2550
9924,2550
10161,2550
10838,2550
11315,2550
11497,2550
11498,2550
38,2551
105,2551
122,2551
206,2551
270,2551
1656,2551
2379,2551
2738,2551
3646,2551
3648,2551
3743,2551
4182,2551
5323,2551
7145,2551
11497,2551
11498,2551
3,2552
61,2552
146,2552
252,2552
270,2552
390,2552
410,2552
581,2552
824,2552
904,2552
1119,2552
1169,2552
2312,2552
2313,2552
2635,2552
2645,2552
2815,2552
3048,2552
3109,2552
3648,2552
3824,2552
3959,2552
4453,2552
4889,2552
5869,2552
5984,2552
6016,2552
6017,2552
6149,2552
6263,2552
6366,2552
6968,2552
7112,2552
7378,2552
7379,2552
7380,2552
7382,2552
7383,2552
7384,2552
9924,2552
10221,2552
10222,2552
10481,2552
10519,2552
10524,2552
10925,2552
11315,2552
11498,2552
11843,2552
12,2553
61,2553
86,2553
270,2553
295,2553
1640,2553
1649,2553
1656,2553
1665,2553
1973,2553
2430,2553
3011,2553
3648,2553
4116,2553
4457,2553
5059,2553
5285,2553
5310,2553
5649,2553
5984,2553
6095,2553
6366,2553
8220,2553
8365,2553
8366,2553
8367,2553
9257,2553
10069,2553
10161,2553
10297,2553
11589,2553
9325,2554
10297,2554
16,2555
38,2555
86,2555
135,2555
270,2555
452,2555
824,2555
873,2555
1547,2555
1609,2555
1656,2555
1687,2555
1692,2555
2410,2555
2430,2555
2890,2555
3074,2555
3648,2555
4159,2555
5662,2555
5909,2555
5984,2555
6366,2555
6567,2555
6976,2555
8180,2555
8220,2555
9257,2555
9325,2555
10297,2555
11497,2555
11498,2555
12087,2555
3,2556
61,2556
67,2556
73,2556
252,2556
270,2556
1656,2556
1683,2556
2683,2556
3074,2556
3161,2556
3648,2556
3747,2556
4116,2556
4702,2556
4884,2556
5427,2556
5428,2556
5528,2556
8366,2556
10305,2556
10838,2556
10839,2556
10840,2556
11184,2556
11281,2556
11462,2556
11469,2556
11497,2556
11498,2556
11530,2556
11893,2556
10050,2560
1655,2561
2392,2561
4738,2561
8503,2561
8504,2561
10050,2561
10569,2561
10570,2561
10571,2561
12113,2561
5812,2564
5813,2564
5814,2564
10418,2565
10419,2565
1598,2567
1676,2567
4035,2567
4080,2567
4164,2567
4216,2567
4257,2567
4277,2567
4281,2567
4315,2567
4407,2567
4536,2567
4874,2567
6816,2567
9207,2567
9406,2567
9407,2567
9534,2567
9820,2567
1598,2568
1676,2568
4035,2568
4080,2568
4164,2568
4257,2568
4277,2568
4407,2568
4536,2568
4874,2568
5352,2568
6816,2568
9207,2568
9406,2568
9407,2568
9534,2568
9820,2568
1350,2570
2767,2570
2907,2570
3018,2570
4830,2570
4832,2570
5463,2570
3447,2571
3143,2572
4036,2572
4084,2572
4236,2572
4348,2572
4859,2572
7830,2572
8005,2572
8696,2572
1676,2573
4216,2573
4257,2573
4277,2573
4315,2573
4788,2573
4874,2573
9406,2573
9407,2573
335,2575
749,2575
1035,2575
2688,2575
4431,2575
4432,2575
8761,2575
335,2576
749,2576
1035,2576
2688,2576
4431,2576
4432,2576
6725,2576
8761,2576
9700,2576
9701,2576
11344,2576
11433,2576
11799,2576
12258,2576
12261,2576
12340,2576
4216,2577
4257,2577
4277,2577
4315,2577
4788,2577
4874,2577
9406,2577
9407,2577
704,2578
764,2578
953,2578
993,2578
1166,2578
1716,2578
1717,2578
1851,2578
1852,2578
2096,2578
2111,2578
2450,2578
3204,2578
3544,2578
3594,2578
3618,2578
4257,2578
4461,2578
5659,2578
6136,2578
6153,2578
6543,2578
6544,2578
6545,2578
7037,2578
7039,2578
7041,2578
7099,2578
7107,2578
7130,2578
7131,2578
7133,2578
7134,2578
7210,2578
7211,2578
7278,2578
7988,2578
7999,2578
8000,2578
8870,2578
9242,2578
9315,2578
9820,2578
10235,2578
10847,2578
11170,2578
11623,2578
11646,2578
11678,2578
12215,2578
314,2579
2111,2579
3108,2579
4216,2579
4257,2579
4874,2579
5168,2579
5352,2579
7037,2579
7039,2579
7041,2579
7107,2579
7130,2579
7131,2579
7133,2579
7134,2579
7153,2579
7210,2579
7211,2579
7212,2579
9820,2579
11170,2579
11623,2579
11646,2579
310,2580
314,2580
4216,2580
4257,2580
4874,2580
5659,2580
7988,2580
9406,2580
9407,2580
9411,2580
9534,2580
9820,2580
11483,2580
1074,2581
11906,2581
12261,2583
12270,2583
12340,2583
4867,2584
10429,2584
10722,2584
10725,2584
10738,2584
11483,2584
1042,2585
1117,2585
1159,2585
2793,2585
3415,2585
4461,2585
4768,2585
4789,2585
4867,2585
5783,2585
5784,2585
5785,2585
6506,2585
6724,2585
6725,2585
6878,2585
9006,2585
9154,2585
9265,2585
9645,2585
9700,2585
9701,2585
9844,2585
9845,2585
9846,2585
10426,2585
10429,2585
10738,2585
10907,2585
10926,2585
11343,2585
11344,2585
11482,2585
11607,2585
11697,2585
11799,2585
11816,2585
11818,2585
11834,2585
11967,2585
12064,2585
12234,2585
12248,2585
12258,2585
12261,2585
12270,2585
12275,2585
12340,2585
12341,2585
12343,2585
942,2586
5896,2586
11483,2586
1117,2587
1159,2587
2793,2587
3141,2587
3415,2587
4461,2587
4768,2587
4867,2587
5896,2587
6506,2587
6725,2587
9006,2587
9154,2587
9700,2587
9701,2587
10429,2587
10725,2587
10738,2587
10907,2587
11343,2587
11344,2587
11482,2587
11483,2587
11607,2587
11697,2587
11704,2587
11799,2587
11818,2587
12054,2587
12056,2587
12234,2587
12258,2587
12270,2587
12275,2587
12304,2587
928,2588
942,2588
1117,2588
1159,2588
2793,2588
3141,2588
3415,2588
4411,2588
4461,2588
4768,2588
5896,2588
6506,2588
6725,2588
9006,2588
9153,2588
9154,2588
9700,2588
9701,2588
10738,2588
10907,2588
11343,2588
11344,2588
11482,2588
11483,2588
11607,2588
11697,2588
11799,2588
11818,2588
11834,2588
12054,2588
12056,2588
12234,2588
12248,2588
12258,2588
12261,2588
12270,2588
12275,2588
12304,2588
12340,2588
1117,2589
2793,2589
2949,2589
2989,2589
3141,2589
3415,2589
4461,2589
4768,2589
4867,2589
6506,2589
6725,2589
7500,2589
9006,2589
9154,2589
9615,2589
9700,2589
9701,2589
10426,2589
10429,2589
10725,2589
10738,2589
10752,2589
10907,2589
11134,2589
11251,2589
11343,2589
11344,2589
11482,2589
11483,2589
11607,2589
11697,2589
11771,2589
11799,2589
11818,2589
11834,2589
11917,2589
11922,2589
12054,2589
12056,2589
12234,2589
12248,2589
12258,2589
12261,2589
12270,2589
12275,2589
12340,2589
1105,2590
2672,2590
12285,2590
1105,2591
245,2592
4216,2592
4257,2592
4277,2592
4305,2592
4315,2592
4874,2592
9406,2592
9407,2592
9820,2592
245,2593
256,2593
4216,2593
4257,2593
4277,2593
4788,2593
4874,2593
9406,2593
9407,2593
11929,2593
730,2596
836,2596
857,2596
858,2596
1278,2596
2336,2596
7308,2596
2481,2598
9336,2598
1425,2599
2217,2599
5689,2599
6658,2600
11758,2600
960,2601
666,2603
828,2603
847,2603
848,2603
865,2603
914,2603
960,2603
1036,2603
2129,2603
2134,2603
2481,2603
9336,2603
10253,2604
10254,2604
10295,2604
10296,2604
970,2605
1529,2605
1543,2605
1993,2605
9412,2605
10803,2605
11708,2605
11732,2605
11734,2605
12237,2605
1529,2606
1543,2606
1993,2606
10803,2606
11708,2606
11732,2606
11734,2606
12237,2606
2793,2607
3666,2607
4257,2607
4788,2607
4794,2607
6507,2607
6993,2607
7977,2607
8802,2607
8870,2607
9155,2607
9590,2607
11190,2607
11287,2607
11483,2607
12032,2607
4257,2608
4874,2608
12032,2608
2793,2609
4257,2609
4585,2609
4788,2609
4794,2609
6508,2609
11483,2609
12032,2609
2432,2610
4216,2610
4257,2610
4315,2610
4407,2610
4788,2610
4874,2610
5352,2610
6217,2610
6957,2610
7173,2610
9207,2610
9405,2610
9406,2610
9407,2610
9535,2610
9820,2610
1913,2612
3315,2612
6335,2612
6695,2612
6702,2612
6703,2612
6858,2612
93,2614
1408,2614
2091,2614
3137,2614
4038,2614
4773,2614
6108,2614
8510,2614
8879,2614
1652,2616
2326,2617
10578,2618
1676,2619
9525,2619
9855,2619
2330,2620
2331,2620
2758,2620
3032,2620
3260,2620
3514,2620
4420,2620
4421,2620
4422,2620
4473,2620
4499,2620
4500,2620
5618,2620
5865,2620
6158,2620
6224,2620
6788,2620
6789,2620
6790,2620
6791,2620
7189,2620
7224,2620
7604,2620
7610,2620
7615,2620
7616,2620
8138,2620
8329,2620
8384,2620
8386,2620
8496,2620
8525,2620
8526,2620
8865,2620
9448,2620
9591,2620
9609,2620
9614,2620
9665,2620
9666,2620
9760,2620
10044,2620
10300,2620
10381,2620
10387,2620
10388,2620
10389,2620
10520,2620
10521,2620
10989,2620
1013,2621
1388,2621
2684,2621
3247,2621
3514,2621
4473,2621
5259,2621
7189,2621
7224,2621
7608,2621
7609,2621
7610,2621
7634,2621
7635,2621
8138,2621
8139,2621
8140,2621
8141,2621
8142,2621
8143,2621
8144,2621
8145,2621
8146,2621
8147,2621
8148,2621
8149,2621
8150,2621
8151,2621
8152,2621
8153,2621
8154,2621
8156,2621
8157,2621
8525,2621
8526,2621
9172,2621
9448,2621
9591,2621
9760,2621
10044,2621
10300,2621
10393,2621
10657,2621
10658,2621
10842,2621
10843,2621
10844,2621
10845,2621
204,2622
5960,2622
7601,2622
8509,2622
9015,2622
9823,2622
1926,2623
5816,2623
5818,2623
5960,2623
7377,2623
7601,2623
8509,2623
9015,2623
9233,2623
9823,2623
10453,2623
10454,2623
10455,2623
204,2625
1926,2625
5960,2625
7601,2625
9233,2625
3960,2627
7093,2627
7584,2627
465,2632
3910,2632
5151,2632
5507,2632
6404,2632
4540,2633
8934,2633
9285,2633
11364,2633
4540,2634
6640,2634
8934,2634
9285,2634
11364,2634
3900,2636
5926,2636
5927,2636
5928,2636
9285,2636
10065,2636
10066,2636
10498,2636
10499,2636
4565,2637
9285,2637
3900,2638
4565,2638
5926,2638
5927,2638
5928,2638
9285,2638
10065,2638
10066,2638
10498,2638
10499,2638
5011,2639
5012,2639
5013,2639
5014,2639
7725,2640
8934,2640
10281,2640
3288,2643
6447,2643
101,2645
104,2645
1587,2645
1603,2645
2041,2645
2042,2645
2043,2645
2044,2645
2104,2645
2383,2645
2386,2645
2653,2645
2656,2645
4310,2645
4750,2645
4769,2645
4958,2645
5003,2645
6285,2645
6614,2645
6617,2645
6670,2645
6799,2645
6800,2645
6855,2645
7058,2645
7321,2645
8811,2645
9141,2645
9293,2645
11512,2645
11832,2645
55,2646
101,2646
2653,2646
5003,2646
6614,2646
101,2647
4310,2647
101,2648
1603,2648
2043,2648
2044,2648
2104,2648
2653,2648
4310,2648
4810,2648
5003,2648
6538,2648
6614,2648
6910,2648
7058,2648
7321,2648
8791,2648
8811,2648
8835,2648
9141,2648
11489,2648
11832,2648
2653,2649
5003,2649
6614,2649
101,2650
1603,2650
2020,2650
2034,2650
2035,2650
2036,2650
2037,2650
2043,2650
2044,2650
2140,2650
2176,2650
2386,2650
2426,2650
2529,2650
2653,2650
2656,2650
3014,2650
3111,2650
3114,2650
3241,2650
3242,2650
3864,2650
3865,2650
4310,2650
4750,2650
4769,2650
5003,2650
5570,2650
5571,2650
5628,2650
5629,2650
6285,2650
6372,2650
6614,2650
6799,2650
7057,2650
7058,2650
8811,2650
9878,2650
9879,2650
10049,2650
10424,2650
10425,2650
10653,2650
10654,2650
10919,2650
11090,2650
11228,2650
11692,2650
12041,2650
2041,2651
2042,2651
2653,2651
3810,2651
3815,2651
3817,2651
5003,2651
6035,2651
2041,2652
2042,2652
2043,2652
2044,2652
4586,2652
7633,2652
836,2654
7308,2654
730,2655
836,2655
1299,2655
1451,2655
1515,2655
1524,2655
1901,2655
2336,2655
3476,2655
5273,2655
5740,2655
5741,2655
5742,2655
5743,2655
5757,2655
6485,2655
6630,2655
9185,2655
9569,2655
11874,2655
11884,2655
11891,2655
1615,2656
4056,2656
603,2657
4173,2657
7556,2657
4173,2658
330,2659
603,2659
4171,2659
4173,2659
4217,2659
4333,2659
7555,2659
7556,2659
7990,2659
8810,2659
8816,2659
4173,2660
7556,2660
4173,2661
4194,2661
7555,2661
7556,2661
7803,2661
7990,2661
11192,2661
4171,2662
4173,2662
4194,2662
4333,2662
7556,2662
11011,2662
11012,2662
11014,2662
1311,2663
6648,2663
5796,2664
5918,2664
5919,2664
6555,2664
7305,2664
7320,2664
8083,2664
8574,2664
11785,2664
1737,2665
7582,2665
9285,2667
4565,2668
9285,2668
1987,2671
5415,2675
6767,2675
7552,2675
227,2676
486,2676
2302,2676
2303,2676
4252,2676
4254,2676
4378,2676
4449,2676
4631,2676
4662,2676
4663,2676
4664,2676
4784,2676
4903,2676
4904,2676
5415,2676
5439,2676
5440,2676
5441,2676
5775,2676
5906,2676
6071,2676
6360,2676
6767,2676
6776,2676
7551,2676
7552,2676
7553,2676
8499,2676
8715,2676
9183,2676
9184,2676
9422,2676
9680,2676
9681,2676
9682,2676
9683,2676
9707,2676
9708,2676
9741,2676
9742,2676
9751,2676
9752,2676
10921,2676
11029,2676
11219,2676
11468,2676
11556,2676
12063,2676
12286,2676
1558,2677
1964,2677
4251,2677
5415,2677
11158,2677
1558,2678
1964,2678
6767,2678
2896,2679
6754,2679
327,2680
394,2680
396,2680
538,2680
589,2680
607,2680
2524,2680
2525,2680
4350,2680
4351,2680
511,2681
561,2681
1196,2681
2424,2681
2793,2681
2972,2681
4292,2681
4789,2681
5298,2681
6724,2681
6725,2681
7293,2681
7905,2681
7906,2681
8843,2681
9154,2681
9700,2681
9701,2681
11264,2681
11343,2681
11344,2681
11482,2681
11483,2681
11834,2681
12248,2681
12258,2681
12260,2681
12261,2681
12270,2681
12316,2681
12340,2681
4257,2682
11188,2682
4773,2683
8510,2683
4874,2685
10502,2698
10661,2698
10665,2698
10502,2699
10661,2699
10665,2699
128,2701
1606,2701
1638,2701
1650,2701
1694,2701
2542,2701
3094,2701
3215,2701
3647,2701
4134,2701
4139,2701
4206,2701
5133,2701
5135,2701
5140,2701
6281,2701
6616,2701
6639,2701
6712,2701
8624,2701
8826,2701
8827,2701
9304,2701
9390,2701
9552,2701
9553,2701
10220,2701
10250,2701
10251,2701
10442,2701
10775,2701
11049,2701
4206,2703
124,2706
328,2706
1656,2706
5228,2706
8276,2706
11061,2706
11128,2706
1776,2707
2585,2707
3301,2707
3379,2707
3380,2707
3852,2707
4182,2707
6672,2707
6713,2707
10940,2707
11301,2707
11618,2707
11619,2707
11638,2707
11687,2707
11688,2707
11692,2707
11693,2707
272,2710
4257,2710
4267,2710
4407,2710
6957,2710
8922,2710
9392,2710
9401,2710
9402,2710
9855,2710
10370,2710
10825,2710
4790,2711
4836,2711
5035,2711
5291,2711
6887,2711
9438,2711
9593,2711
9968,2711
2992,2713
8731,2713
41,2714
648,2714
1132,2714
2092,2714
2548,2714
2661,2714
2825,2714
2962,2714
3188,2714
3326,2714
3403,2714
3667,2714
3668,2714
3850,2714
4875,2714
4913,2714
5232,2714
6257,2714
6270,2714
6400,2714
6411,2714
6471,2714
7725,2714
7759,2714
7828,2714
8934,2714
8938,2714
8942,2714
9042,2714
9285,2714
9968,2714
10280,2714
10281,2714
10490,2714
10608,2714
10871,2714
11112,2714
11306,2714
11493,2714
11533,2714
11549,2714
11815,2714
11883,2714
11901,2714
11902,2714
12047,2714
12048,2714
12049,2714
12050,2714
12051,2714
8938,2715
3331,2717
3461,2717
3463,2717
5367,2717
5368,2717
5369,2717
5370,2717
6699,2717
6700,2717
6701,2717
2661,2718
3188,2718
3403,2718
4913,2718
7759,2718
8934,2718
8942,2718
10281,2718
10871,2718
11112,2718
11306,2718
11493,2718
11549,2718
11883,2718
3294,2720
3295,2720
3296,2720
3297,2720
3298,2720
3299,2720
12047,2720
12048,2720
12049,2720
12050,2720
12051,2720
2548,2721
3900,2722
5926,2722
5927,2722
5928,2722
9285,2722
10065,2722
10066,2722
10498,2722
10499,2722
1132,2723
6466,2723
612,2724
613,2724
4835,2724
4835,2725
10281,2725
11902,2725
2473,2726
2736,2726
2870,2726
2927,2726
2962,2726
2971,2726
2978,2726
2992,2726
3045,2726
3403,2726
8730,2726
8731,2726
12047,2726
12048,2726
12049,2726
12050,2726
12051,2726
244,2728
528,2728
878,2728
2469,2728
2883,2728
6562,2728
9128,2728
2608,2729
4190,2729
7192,2729
8234,2729
9822,2729
11898,2729
7192,2730
9822,2730
11898,2730
5631,2732
2367,2734
4758,2735
1660,2736
2422,2736
2631,2736
4037,2736
4239,2736
4758,2736
4960,2736
8015,2736
8451,2736
8452,2736
8762,2736
8772,2736
8773,2736
2631,2737
2422,2738
4239,2738
4569,2738
4570,2738
7181,2738
7182,2738
1660,2739
4037,2739
4569,2739
4570,2739
4960,2739
7181,2739
7182,2739
9820,2739
9825,2739
2422,2740
2990,2740
3762,2740
4239,2740
4758,2740
4913,2740
5611,2740
5724,2740
11551,2740
11883,2740
4033,2741
184,2742
1484,2742
2708,2742
2715,2742
5718,2742
7598,2742
8966,2742
10980,2742
12072,2742
184,2743
7598,2743
11365,2743
11366,2743
11950,2743
184,2744
7598,2744
11365,2744
11366,2744
11950,2744
7188,2746
9721,2746
5972,2747
9454,2748
9537,2748
9565,2748
9748,2748
10635,2748
12043,2748
4032,2749
11694,2750
1959,2751
1959,2752
1584,2753
1585,2753
9748,2754
11603,2756
3886,2759
5028,2759
5030,2759
5031,2759
5229,2759
6967,2759
3628,2760
4751,2762
7184,2762
72,2763
108,2763
339,2763
1217,2763
1222,2763
1313,2763
4235,2763
5829,2763
10940,2764
4104,2766
4358,2766
4076,2767
2575,2769
3152,2769
111,2770
983,2770
1014,2770
1106,2770
1403,2770
2513,2770
3106,2770
4235,2770
8858,2770
4636,2771
9592,2771
1410,2772
1996,2772
2281,2772
5217,2772
5987,2772
4132,2774
643,2776
1300,2776
3607,2776
4104,2777
10337,2777
1534,2778
1542,2778
4636,2779
9592,2779
4953,2780
7633,2780
2677,2781
2797,2781
2905,2781
5591,2781
5652,2781
6093,2781
9237,2781
9239,2781
4358,2784
916,2785
1254,2785
1530,2785
1540,2785
1975,2785
2473,2785
2589,2785
2962,2785
2986,2785
2987,2785
3147,2785
3901,2785
3958,2785
4697,2785
4721,2785
5183,2785
6288,2785
8262,2785
8263,2785
9972,2785
10313,2785
11513,2785
4941,2786
5004,2786
5005,2786
6600,2786
7466,2786
352,2787
4195,2787
4778,2787
5108,2787
5109,2787
595,2788
4104,2789
4358,2789
668,2792
781,2792
846,2792
855,2792
892,2792
947,2792
982,2792
1798,2792
2123,2792
3861,2792
8002,2792
1151,2793
1190,2793
1233,2793
2247,2793
2270,2793
3482,2793
3571,2793
5679,2793
5709,2793
6590,2793
6843,2793
9076,2793
9077,2793
9816,2793
11948,2793
11949,2793
11738,2794
4104,2796
50,2797
85,2797
111,2797
113,2797
250,2797
388,2797
569,2797
585,2797
595,2797
600,2797
983,2797
1011,2797
1014,2797
1106,2797
1307,2797
1403,2797
1651,2797
1951,2797
2319,2797
2492,2797
2511,2797
2513,2797
2898,2797
3106,2797
3596,2797
3648,2797
4235,2797
4828,2797
5371,2797
6395,2797
6563,2797
7185,2797
7199,2797
7389,2797
7390,2797
8858,2797
9234,2797
2814,2799
1669,2800
4738,2800
10050,2800
1669,2801
4738,2801
10050,2801
1558,2802
1964,2802
10154,2802
10155,2802
10156,2802
10157,2802
2628,2804
4581,2804
4597,2804
5602,2804
6025,2804
7176,2804
8080,2804
8081,2804
2642,2805
4267,2805
9392,2805
2871,2807
10897,2807
11738,2808
126,2809
138,2809
230,2809
345,2809
1513,2809
1530,2809
1555,2809
1945,2809
2490,2809
2494,2809
2495,2809
2583,2809
2584,2809
3070,2809
3088,2809
3089,2809
4129,2809
4160,2809
4387,2809
4883,2809
6059,2809
6231,2809
6232,2809
9536,2809
9605,2809
10391,2809
10392,2809
12099,2809
4235,2812
4104,2813
4358,2813
11155,2814
8929,2815
8929,2816
4104,2817
9306,2818
4751,2821
7184,2821
2565,2823
4068,2823
4935,2823
4977,2823
6019,2823
6020,2823
10479,2823
10480,2823
10627,2823
10631,2823
120,2825
4032,2826
4104,2827
9197,2827
210,2830
211,2830
288,2830
294,2830
334,2830
408,2830
445,2830
446,2830
713,2830
1191,2830
1590,2830
1591,2830
1619,2830
2592,2830
2734,2830
2831,2830
3068,2830
3214,2830
3227,2830
4048,2830
4101,2830
4197,2830
4487,2830
4797,2830
4961,2830
5403,2830
5914,2830
6180,2830
6182,2830
6188,2830
6336,2830
6440,2830
6441,2830
6962,2830
7163,2830
7376,2830
7710,2830
7874,2830
8304,2830
8305,2830
8306,2830
182,2831
210,2831
216,2831
248,2831
541,2831
761,2831
1530,2831
1625,2831
1741,2831
1742,2831
1877,2831
2831,2831
3229,2831
4048,2831
4202,2831
4428,2831
4650,2831
4651,2831
4697,2831
4737,2831
4797,2831
4799,2831
4819,2831
4841,2831
5159,2831
5293,2831
5365,2831
5366,2831
5501,2831
6394,2831
6414,2831
6417,2831
7896,2831
7897,2831
7898,2831
7899,2831
7900,2831
8236,2831
8262,2831
8263,2831
8885,2831
9972,2831
10318,2831
10514,2831
10767,2831
10768,2831
10769,2831
11513,2831
4433,2833
5566,2833
11132,2833
7646,2838
2628,2839
5394,2840
4913,2841
8886,2843
1959,2844
9291,2845
9291,2846
47,2847
446,2847
516,2847
1344,2847
2178,2847
2223,2847
2682,2847
2710,2847
2746,2847
2795,2847
2806,2847
2807,2847
2824,2847
2844,2847
3177,2847
3791,2847
4055,2847
4609,2847
4621,2847
4713,2847
4727,2847
4961,2847
5033,2847
5128,2847
5132,2847
5680,2847
5685,2847
5836,2847
5979,2847
5980,2847
5981,2847
5982,2847
6012,2847
6135,2847
6450,2847
6760,2847
6863,2847
7494,2847
7495,2847
7536,2847
7755,2847
8094,2847
8454,2847
9056,2847
9212,2847
9328,2847
9394,2847
11501,2847
11504,2847
11505,2847
8412,2848
8920,2848
9671,2848
8412,2849
8920,2849
9671,2849
8412,2850
8920,2850
9671,2850
8660,2851
3859,2852
2469,2853
6562,2853
10753,2853
10754,2853
9329,2854
9382,2854
9592,2856
223,2857
1710,2857
2780,2857
4024,2857
4307,2857
4455,2857
7416,2857
8477,2857
223,2858
1710,2858
2780,2858
4024,2858
4307,2858
4455,2858
7416,2858
7487,2858
8477,2858
190,2859
578,2859
1746,2859
2308,2859
2309,2859
2573,2859
2591,2859
2698,2859
3168,2859
3578,2859
3592,2859
3633,2859
4064,2859
6846,2859
7067,2859
8233,2859
8270,2859
8271,2859
8936,2859
9607,2859
2499,2862
4540,2862
6097,2862
6640,2862
9285,2862
11364,2862
222,2863
1331,2863
1332,2863
2026,2863
3612,2863
4341,2863
5538,2863
7064,2863
400,2864
402,2864
2639,2864
4170,2864
8480,2864
8481,2864
8482,2864
8483,2864
8485,2864
8737,2864
9198,2864
9363,2864
475,2865
538,2865
2699,2865
3154,2865
3220,2865
3513,2865
3559,2865
8040,2865
8041,2865
8249,2865
8250,2865
9440,2865
1846,2866
1863,2866
1864,2866
1890,2866
1900,2866
1902,2866
2335,2866
1976,2867
3648,2868
6046,2869
6047,2869
6048,2869
1819,2872
2265,2872
3024,2872
3389,2872
3410,2872
3954,2872
3955,2872
3960,2872
3961,2872
3962,2872
5499,2872
5703,2872
6715,2872
6815,2872
7093,2872
7277,2872
7284,2872
7707,2872
7822,2872
7842,2872
8086,2872
8087,2872
8088,2872
8089,2872
8090,2872
8103,2872
9743,2872
10292,2872
10643,2872
10646,2872
10706,2872
10707,2872
10709,2872
11514,2872
10756,2873
7398,2876
1689,2877
3161,2877
3648,2877
10708,2877
10635,2878
7188,2879
1289,2880
1290,2880
6278,2880
6279,2880
2950,2882
2951,2882
2998,2882
2999,2882
3000,2882
3001,2882
3002,2882
3004,2882
3005,2882
5158,2882
11058,2882
11542,2882
11543,2882
11544,2882
190,2884
3168,2884
619,2886
620,2886
1523,2886
3176,2886
9551,2886
9748,2887
161,2889
243,2889
438,2889
4158,2889
4448,2889
4632,2889
5076,2889
6431,2889
6849,2889
2628,2890
4581,2890
4597,2890
6025,2890
7176,2890
7475,2890
7571,2890
10390,2890
3278,2892
4257,2892
4583,2892
7049,2892
2520,2893
2659,2893
5115,2893
5417,2893
7110,2893
7406,2893
7407,2893
7488,2893
7784,2893
548,2895
3608,2895
120,2897
516,2897
1495,2897
2207,2897
2252,2897
3787,2897
3821,2897
4461,2897
4484,2897
4487,2897
4488,2897
4609,2897
4660,2897
4910,2897
5180,2897
5181,2897
5859,2897
6327,2897
6775,2897
7013,2897
7149,2897
7151,2897
7156,2897
7202,2897
7238,2897
7361,2897
7362,2897
8003,2897
8004,2897
9373,2897
516,2898
1495,2898
4461,2898
4462,2898
4487,2898
4488,2898
4546,2898
4660,2898
4910,2898
6775,2898
9373,2898
516,2899
4461,2899
4487,2899
4488,2899
4609,2899
4660,2899
4910,2899
6775,2899
9373,2899
9404,2899
9409,2899
153,2900
352,2900
4195,2900
4778,2900
5108,2900
5109,2900
8508,2903
2628,2905
4581,2905
4597,2905
5602,2905
6025,2905
7176,2905
8080,2905
8081,2905
454,2906
1134,2906
2186,2906
8756,2906
9178,2906
11115,2906
5173,2907
84,2908
333,2908
570,2908
571,2908
4182,2908
3663,2909
7286,2909
120,2910
2413,2911
6820,2911
8936,2911
9607,2911
9852,2911
11036,2911
4329,2912
4104,2914
4358,2914
2421,2917
4196,2918
4452,2918
7727,2919
9610,2921
139,2925
172,2925
364,2925
1475,2925
1610,2925
1960,2925
3127,2925
4008,2925
8909,2925
8910,2925
9368,2925
11147,2925
9886,2926
4914,2927
3604,2928
4132,2928
6758,2928
4455,2930
162,2931
364,2931
591,2931
1475,2931
1610,2931
1960,2931
3127,2931
1715,2932
1773,2932
1919,2932
2234,2932
2237,2932
2575,2932
3152,2932
3340,2932
3758,2932
3800,2932
3862,2932
5086,2932
5438,2932
6410,2932
6673,2932
7110,2932
7296,2932
7347,2932
7435,2932
7746,2932
9331,2932
9376,2932
10720,2932
11557,2932
6126,2933
6126,2934
1773,2935
2237,2935
3800,2935
5086,2935
5438,2935
9331,2935
11557,2935
2866,2937
2133,2938
5093,2939
4627,2942
4511,2943
123,2944
126,2944
255,2944
394,2944
441,2944
442,2944
1629,2944
2268,2944
2490,2944
2583,2944
3088,2944
3089,2944
3541,2944
3964,2944
3965,2944
4092,2944
4548,2944
4579,2944
4580,2944
5007,2944
5407,2944
6004,2944
6005,2944
6092,2944
6098,2944
7252,2944
7367,2944
7493,2944
7685,2944
7686,2944
7687,2944
7688,2944
7894,2944
7928,2944
8551,2944
8552,2944
9595,2944
9596,2944
9900,2944
9991,2944
10006,2944
10356,2944
10483,2944
10484,2944
10957,2944
10958,2944
11124,2944
11396,2944
11397,2944
9474,2945
578,2946
2591,2946
6846,2946
2398,2947
2628,2947
6025,2947
9291,2947
9889,2947
2628,2950
6025,2950
692,2951
3479,2951
3750,2951
3770,2951
5588,2951
5676,2951
6476,2951
6580,2951
7206,2951
7218,2951
7295,2951
8076,2951
8077,2951
8078,2951
8079,2951
8112,2951
11866,2951
4461,2952
7236,2952
7237,2952
770,2953
1020,2953
2130,2953
2142,2953
3343,2953
5405,2953
6757,2953
7060,2954
7060,2955
7060,2956
5547,2957
264,2958
1583,2958
2090,2958
2109,2958
2320,2958
2405,2958
2432,2958
4257,2958
4267,2958
4867,2958
6492,2958
6957,2958
7350,2958
7456,2958
7457,2958
7988,2958
8922,2958
9168,2958
9268,2958
9305,2958
9392,2958
9401,2958
9402,2958
9535,2958
9855,2958
10019,2958
10036,2958
10486,2958
10663,2958
11616,2958
11709,2958
1551,2961
2603,2961
2615,2961
2624,2961
2658,2961
3123,2961
4040,2961
4082,2961
4086,2961
4542,2961
4586,2961
4777,2961
4953,2961
5444,2961
6130,2961
7060,2961
7232,2961
7633,2961
8391,2961
9874,2961
11545,2961
7060,2962
7232,2962
9874,2962
2603,2963
2615,2963
2624,2963
2658,2963
3123,2963
4040,2963
4082,2963
4086,2963
4542,2963
4586,2963
4777,2963
4953,2963
5444,2963
6130,2963
7060,2963
7232,2963
7633,2963
8391,2963
9874,2963
11545,2963
7060,2964
7232,2964
9874,2964
2043,2965
2044,2965
2603,2965
2615,2965
2624,2965
2658,2965
3123,2965
4040,2965
4082,2965
4086,2965
4542,2965
4586,2965
4777,2965
4953,2965
5444,2965
6130,2965
7060,2965
7232,2965
7633,2965
9874,2965
11545,2965
7060,2966
7232,2966
9874,2966
4559,2967
810,2968
1440,2968
1969,2968
6363,2968
6364,2968
6365,2968
7042,2968
5394,2970
5394,2971
598,2972
4220,2972
4744,2972
5394,2972
10210,2972
11299,2972
11509,2972
5394,2974
3796,2975
4911,2975
4912,2975
6418,2975
4386,2976
4508,2976
4386,2977
4508,2977
4386,2978
4508,2978
4386,2979
4508,2979
4386,2980
4508,2980
4386,2981
4508,2981
272,2982
2432,2982
2638,2982
3393,2982
3399,2982
4257,2982
4277,2982
4315,2982
4407,2982
4617,2982
4626,2982
4788,2982
4874,2982
6233,2982
6507,2982
6508,2982
6957,2982
7135,2982
7209,2982
7240,2982
8878,2982
9207,2982
9401,2982
9402,2982
9406,2982
9407,2982
9534,2982
9701,2982
9855,2982
9980,2982
10019,2982
10036,2982
10370,2982
10784,2982
11246,2982
11563,2982
11792,2982
11808,2982
12182,2982
12284,2982
12354,2982
4833,2983
5589,2983
1774,2984
4216,2985
4257,2985
4277,2985
4315,2985
4788,2985
4874,2985
9406,2985
9407,2985
4874,2986
4257,2987
4277,2987
4315,2987
4788,2987
4874,2987
9406,2987
9407,2987
1033,2988
1034,2988
4277,2988
4315,2988
4788,2988
4874,2988
6508,2988
6957,2988
8788,2988
9406,2988
9407,2988
10019,2988
1685,2989
2287,2989
2292,2989
2432,2989
2638,2989
2655,2989
3284,2989
3663,2989
4257,2989
4267,2989
4407,2989
6957,2989
7286,2989
8922,2989
9207,2989
9392,2989
9402,2989
9534,2989
9855,2989
10019,2989
10370,2989
4874,2990
4532,3000
4874,3000
5249,3000
5090,3001
5091,3001
2820,3004
5972,3004
8102,3004
245,3005
256,3005
422,3005
423,3005
558,3005
562,3005
1100,3005
4257,3005
4874,3005
5985,3005
8589,3005
8745,3005
8776,3005
8803,3005
8939,3005
8940,3005
8941,3005
9144,3005
10030,3005
10723,3005
11188,3005
11195,3005
11199,3005
11214,3005
11256,3005
11322,3005
11634,3005
11635,3005
11739,3005
11871,3005
11872,3005
11888,3005
12315,3005
8803,3006
245,3007
256,3007
422,3007
3277,3007
4305,3007
4593,3007
4874,3007
6541,3007
6542,3007
7988,3007
8589,3007
10030,3007
10723,3007
11288,3007
11289,3007
11634,3007
11635,3007
11871,3007
11872,3007
11929,3007
11933,3007
256,3008
3277,3008
3835,3009
4468,3009
4469,3009
4470,3009
4780,3009
11246,3009
11324,3009
11586,3009
12182,3009
12354,3009
11324,3010
3724,3011
3725,3011
3726,3011
3727,3011
4257,3012
4315,3012
6957,3012
9405,3012
10019,3012
12354,3012
10595,3016
2602,3018
2603,3018
2607,3018
2658,3018
3123,3018
4040,3018
4404,3018
4586,3018
5444,3018
7060,3018
7232,3018
7633,3018
7771,3018
7772,3018
8391,3018
9874,3018
2603,3019
7060,3019
7232,3019
9874,3019
2043,3020
2044,3020
4586,3020
7633,3020
2603,3021
2607,3021
2658,3021
3123,3021
4404,3021
4586,3021
7060,3021
7232,3021
7633,3021
8391,3021
2603,3022
4404,3022
4586,3022
7060,3022
7232,3022
4586,3023
7633,3023
2603,3024
2658,3024
3123,3024
4404,3024
4586,3024
7060,3024
7232,3024
7633,3024
8391,3024
2603,3025
4404,3025
4586,3025
7060,3025
7232,3025
4586,3026
7633,3026
10833,3027
3628,3029
3628,3031
1876,3032
2510,3032
7436,3032
9775,3032
1881,3033
3788,3033
6532,3033
6533,3033
7299,3033
7300,3033
7304,3033
9264,3033
9753,3033
2693,3034
2762,3034
2816,3035
3812,3035
2469,3036
6562,3036
43,3037
767,3038
1469,3038
2612,3038
3332,3038
3334,3038
4311,3038
4686,3038
6823,3038
8813,3038
8814,3038
11093,3038
11208,3038
11371,3038
11515,3038
11516,3038
12345,3038
6823,3039
8813,3039
8814,3039
11371,3039
12345,3039
4311,3040
6823,3040
8813,3040
8814,3040
11093,3040
11208,3040
11371,3040
4311,3041
6823,3041
8813,3041
8814,3041
11093,3041
11371,3041
2612,3042
3332,3042
4311,3042
4686,3042
6823,3042
8813,3042
8814,3042
11093,3042
11371,3042
12345,3042
1371,3043
1657,3043
4148,3043
4222,3043
4226,3043
862,3044
103,3045
862,3045
1318,3045
2480,3045
4363,3045
4454,3045
4568,3045
10897,3045
11497,3045
11498,3045
320,3046
5,3047
1695,3047
4660,3047
103,3048
2465,3048
2707,3048
2837,3048
3090,3048
10897,3048
11497,3048
11498,3048
519,3049
520,3049
535,3049
536,3049
537,3049
889,3049
890,3049
1056,3049
1057,3049
1062,3049
1063,3049
1824,3049
1825,3049
1873,3049
1874,3049
1885,3049
1886,3049
4690,3049
4691,3049
5383,3049
5384,3049
5510,3049
5511,3049
5762,3049
5763,3049
1746,3051
5004,3051
5292,3051
9901,3051
1654,3052
2267,3052
9603,3052
472,3053
4072,3053
4140,3053
4764,3053
5414,3053
6060,3053
6061,3053
8887,3053
10163,3053
10993,3053
11162,3053
11163,3053
11193,3053
4072,3054
4140,3054
4762,3054
5051,3054
5052,3054
5053,3054
5054,3054
5415,3054
5478,3054
5479,3054
5480,3054
5481,3054
5621,3054
6060,3054
6061,3054
6205,3054
6206,3054
6427,3054
6534,3054
8889,3054
10993,3054
11119,3054
11120,3054
11121,3054
11122,3054
11182,3054
11183,3054
11193,3054
11231,3054
11232,3054
11233,3054
663,3055
4072,3055
4140,3055
4764,3055
5414,3055
6060,3055
6061,3055
8887,3055
10993,3055
11162,3055
11163,3055
11193,3055
4072,3056
4140,3056
4762,3056
5051,3056
5052,3056
5053,3056
5054,3056
5415,3056
5478,3056
5479,3056
5480,3056
5481,3056
5621,3056
6060,3056
6061,3056
6205,3056
6206,3056
6427,3056
6534,3056
8889,3056
10993,3056
11119,3056
11120,3056
11121,3056
11122,3056
11182,3056
11183,3056
11193,3056
11231,3056
11232,3056
11233,3056
2561,3057
5001,3057
6621,3057
5001,3058
2578,3059
12121,3059
2578,3061
12121,3061
5001,3062
2561,3063
2578,3063
12121,3063
1287,3064
2776,3064
2913,3064
2914,3064
2915,3064
2916,3064
2919,3064
4398,3064
5856,3064
7348,3064
9364,3064
10959,3064
10960,3064
10961,3064
11015,3064
11018,3064
11022,3064
11025,3064
11027,3064
11028,3064
7730,3065
3283,3067
7730,3067
3487,3068
2133,3069
4308,3069
4635,3069
12222,3069
12313,3069
2133,3070
1743,3071
2133,3071
3193,3071
4308,3071
4635,3071
5078,3071
5079,3071
5200,3071
5201,3071
5542,3071
5543,3071
8863,3071
8864,3071
12222,3071
2133,3072
2133,3073
4308,3073
12313,3073
4308,3074
4635,3074
12313,3074
3236,3075
2685,3076
3840,3076
3894,3076
2766,3077
11738,3077
4308,3078
2561,3079
3328,3079
3421,3079
4010,3079
4390,3079
4446,3079
4991,3079
2578,3080
3328,3080
3421,3080
4390,3080
4991,3080
2561,3081
2578,3081
3328,3081
3421,3081
4010,3081
4390,3081
4446,3081
4574,3081
4991,3081
12121,3081
33,3082
60,3082
118,3082
123,3082
126,3082
255,3082
394,3082
1629,3082
1946,3082
1947,3082
2490,3082
2498,3082
2583,3082
3087,3082
3088,3082
3089,3082
3212,3082
3236,3082
3529,3082
3995,3082
3996,3082
4580,3082
4798,3082
4894,3082
5007,3082
5150,3082
5455,3082
5916,3082
5932,3082
6264,3082
6991,3082
7960,3082
7984,3082
7985,3082
8392,3082
9711,3082
10483,3082
11124,3082
11262,3082
11463,3082
11895,3082
11957,3082
11980,3082
11988,3082
12171,3082
12172,3082
12173,3082
12276,3082
12283,3082
12297,3082
394,3083
1513,3083
2031,3083
2494,3083
2495,3083
5240,3083
6264,3083
8577,3083
2583,3084
7928,3084
11,3085
27,3085
60,3085
123,3085
126,3085
255,3085
1629,3085
1946,3085
1947,3085
2047,3085
2583,3085
3091,3085
3236,3085
3529,3085
3970,3085
3971,3085
3995,3085
3996,3085
4334,3085
4580,3085
4798,3085
4894,3085
5007,3085
5150,3085
5455,3085
5519,3085
5916,3085
5932,3085
6264,3085
6991,3085
7928,3085
7961,3085
7962,3085
7984,3085
7985,3085
8092,3085
10483,3085
11124,3085
11262,3085
11463,3085
11895,3085
11957,3085
11980,3085
11988,3085
12171,3085
12172,3085
12173,3085
12276,3085
12283,3085
12297,3085
394,3087
1513,3087
2494,3087
2495,3087
4129,3087
4160,3087
5240,3087
6264,3087
8577,3087
11,3088
232,3088
282,3088
441,3088
586,3088
797,3088
1629,3088
2047,3088
2268,3088
2494,3088
2495,3088
2583,3088
3972,3088
3973,3088
3974,3088
3975,3088
3979,3088
3980,3088
3981,3088
3982,3088
3995,3088
3996,3088
4160,3088
4379,3088
4548,3088
4579,3088
5356,3088
5455,3088
5519,3088
6001,3088
6002,3088
6003,3088
6098,3088
6222,3088
7310,3088
7332,3088
7685,3088
7686,3088
7894,3088
7913,3088
8392,3088
9483,3088
9633,3088
9984,3088
10356,3088
10483,3088
10731,3088
11124,3088
12267,3088
12268,3088
33,3089
118,3089
123,3089
126,3089
255,3089
394,3089
1513,3089
1629,3089
1631,3089
2583,3089
3087,3089
3095,3089
3212,3089
3236,3089
3492,3089
3995,3089
3996,3089
4160,3089
4203,3089
4580,3089
4869,3089
5007,3089
5455,3089
5916,3089
5932,3089
6264,3089
6949,3089
6950,3089
7834,3089
9849,3089
10436,3089
10437,3089
10438,3089
10439,3089
10483,3089
11124,3089
11262,3089
11463,3089
11895,3089
11957,3089
11964,3089
11965,3089
11969,3089
11970,3089
11980,3089
11988,3089
12173,3089
12283,3089
12297,3089
7611,3090
7612,3090
7613,3090
7614,3090
7646,3090
149,3091
394,3091
2031,3091
2583,3091
3220,3091
7928,3091
123,3092
126,3092
255,3092
394,3092
441,3092
442,3092
1629,3092
2047,3092
2268,3092
2494,3092
2495,3092
2583,3092
4160,3092
4548,3092
4579,3092
5007,3092
6098,3092
6202,3092
6203,3092
6297,3092
7685,3092
7686,3092
7687,3092
7688,3092
7689,3092
7690,3092
7913,3092
8392,3092
9465,3092
9483,3092
9900,3092
9998,3092
10004,3092
10356,3092
10483,3092
11124,3092
11457,3092
11458,3092
11852,3092
11853,3092
11958,3092
11959,3092
11960,3092
11961,3092
11962,3092
11963,3092
11969,3092
11970,3092
12267,3092
12268,3092
1596,3093
3565,3093
5006,3093
6671,3093
9036,3093
9182,3093
9936,3093
11720,3093
11721,3093
11731,3093
11741,3093
11746,3093
137,3094
3135,3094
3565,3096
4862,3096
5006,3096
6886,3096
8592,3096
8782,3096
9036,3096
9182,3096
9202,3096
9936,3096
10061,3096
10062,3096
10577,3096
11628,3096
11629,3096
11720,3096
11721,3096
11731,3096
11741,3096
11745,3096
11746,3096
11935,3096
137,3098
3135,3098
10,3099
15,3099
391,3099
394,3099
395,3099
579,3099
840,3099
841,3099
1398,3099
1399,3099
1700,3099
1751,3099
1954,3099
2501,3099
2502,3099
2506,3099
2509,3099
2516,3099
2517,3099
2530,3099
2545,3099
2546,3099
2743,3099
2887,3099
3223,3099
3258,3099
3267,3099
3268,3099
4165,3099
4222,3099
4224,3099
4225,3099
4352,3099
4384,3099
4456,3099
4480,3099
4616,3099
5230,3099
5279,3099
5924,3099
5925,3099
9312,3099
9462,3099
9498,3099
9548,3099
9601,3099
9985,3099
9990,3099
11348,3099
11490,3099
1661,3100
2515,3100
3876,3100
3902,3100
8217,3100
8218,3100
8219,3100
9462,3100
9901,3100
10194,3100
12116,3100
10,3101
15,3101
391,3101
394,3101
395,3101
579,3101
840,3101
841,3101
1398,3101
1399,3101
1700,3101
1751,3101
1954,3101
2501,3101
2502,3101
2506,3101
2509,3101
2516,3101
2517,3101
2530,3101
2545,3101
2546,3101
2743,3101
2887,3101
3223,3101
3258,3101
3267,3101
3268,3101
4165,3101
4222,3101
4225,3101
4352,3101
4384,3101
4456,3101
4616,3101
5230,3101
5279,3101
5924,3101
5925,3101
9029,3101
9312,3101
9462,3101
9498,3101
9548,3101
9601,3101
9985,3101
9990,3101
11348,3101
11490,3101
11797,3101
1536,3102
1661,3102
2515,3102
3084,3102
3876,3102
3902,3102
6597,3102
8217,3102
8218,3102
8219,3102
8321,3102
8453,3102
9462,3102
9602,3102
9646,3102
9901,3102
9974,3102
10194,3102
12116,3102
10,3103
15,3103
391,3103
394,3103
395,3103
579,3103
840,3103
841,3103
1398,3103
1399,3103
1700,3103
1751,3103
1954,3103
2501,3103
2502,3103
2506,3103
2509,3103
2516,3103
2517,3103
2530,3103
2545,3103
2546,3103
2743,3103
2887,3103
3223,3103
3258,3103
3267,3103
3268,3103
4165,3103
4222,3103
4225,3103
4352,3103
4384,3103
4456,3103
4616,3103
5230,3103
5279,3103
5924,3103
5925,3103
9029,3103
9312,3103
9462,3103
9498,3103
9548,3103
9601,3103
9985,3103
9990,3103
11348,3103
11490,3103
12365,3103
1661,3104
2515,3104
3876,3104
3902,3104
8217,3104
8218,3104
8219,3104
9462,3104
9901,3104
10194,3104
12116,3104
251,3105
7768,3105
12365,3105
1386,3107
1943,3107
4365,3107
4383,3107
4385,3107
5456,3107
9029,3107
11762,3107
11797,3107
12365,3107
1536,3108
2487,3108
2488,3108
4222,3108
5844,3108
8217,3108
8218,3108
8219,3108
9462,3108
9469,3108
10,3110
15,3110
391,3110
394,3110
395,3110
579,3110
840,3110
841,3110
1398,3110
1399,3110
1700,3110
1751,3110
1954,3110
2501,3110
2502,3110
2506,3110
2509,3110
2516,3110
2517,3110
2530,3110
2545,3110
2546,3110
2743,3110
2887,3110
3223,3110
3258,3110
3267,3110
3268,3110
4222,3110
4224,3110
4225,3110
4352,3110
4384,3110
4456,3110
4480,3110
4616,3110
5230,3110
5279,3110
5924,3110
5925,3110
9312,3110
9462,3110
9498,3110
9548,3110
9601,3110
9985,3110
9990,3110
11348,3110
11490,3110
11622,3110
1661,3111
2515,3111
3876,3111
3902,3111
5844,3111
8217,3111
8218,3111
8219,3111
9462,3111
9901,3111
10194,3111
12116,3111
251,3112
1830,3112
1831,3112
2190,3112
2191,3112
2515,3112
8453,3112
9029,3112
11796,3112
12365,3112
9029,3114
11762,3114
11797,3114
6156,3115
6516,3115
6549,3115
9029,3115
9995,3115
11657,3115
11762,3115
11797,3115
9029,3116
11762,3116
11797,3116
12365,3116
5354,3119
7266,3119
7736,3119
11187,3119
11226,3119
3813,3120
7503,3120
10211,3120
10992,3120
694,3122
2136,3122
7075,3122
5250,3123
6025,3124
7733,3124
3474,3125
3475,3125
11626,3125
4874,3126
6816,3127
7988,3127
8594,3127
10758,3127
11773,3127
11789,3127
23,3128
177,3128
253,3128
340,3128
573,3128
1260,3128
1530,3128
1635,3128
2818,3128
2874,3128
2879,3128
3213,3128
3507,3128
3590,3128
3842,3128
3843,3128
3902,3128
3983,3128
4999,3128
5288,3128
5415,3128
6634,3128
6765,3128
7040,3128
7167,3128
7732,3128
9461,3128
9470,3128
9482,3128
9512,3128
9555,3128
9628,3128
9638,3128
9648,3128
9654,3128
9724,3128
9892,3128
10006,3128
10008,3128
10009,3128
10021,3128
10022,3128
10042,3128
10713,3128
11885,3128
11886,3128
23,3129
94,3129
340,3129
393,3129
657,3129
968,3129
1108,3129
2453,3129
2644,3129
2781,3129
2858,3129
3021,3129
3507,3129
3547,3129
3978,3129
3983,3129
4999,3129
5288,3129
5415,3129
5454,3129
5750,3129
5827,3129
6087,3129
6269,3129
6714,3129
6926,3129
7257,3129
7455,3129
7558,3129
7559,3129
8331,3129
8620,3129
8621,3129
8622,3129
8682,3129
9478,3129
9479,3129
9480,3129
9483,3129
9636,3129
9779,3129
9780,3129
9973,3129
10004,3129
10007,3129
10015,3129
10016,3129
10108,3129
11351,3129
11352,3129
80,3130
89,3130
188,3130
340,3130
3902,3130
4229,3130
4230,3130
4637,3130
4999,3130
8183,3130
8184,3130
8930,3130
10006,3130
10557,3130
10561,3130
23,3131
82,3131
94,3131
393,3131
1260,3131
1372,3131
1552,3131
2531,3131
2737,3131
2810,3131
3184,3131
3185,3131
3186,3131
3253,3131
3568,3131
3983,3131
4090,3131
4188,3131
4230,3131
4622,3131
6464,3131
6602,3131
6945,3131
6946,3131
7455,3131
7558,3131
7559,3131
7825,3131
7826,3131
7827,3131
8620,3131
8622,3131
9457,3131
9458,3131
9466,3131
9515,3131
9527,3131
9528,3131
9556,3131
9849,3131
9962,3131
10008,3131
10009,3131
10108,3131
11351,3131
11525,3131
12012,3131
12123,3131
5753,3133
6255,3133
6427,3133
7630,3133
4255,3134
5137,3136
11711,3136
11760,3136
679,3137
1075,3137
1192,3137
1424,3137
1822,3137
2227,3137
3464,3137
5136,3137
5947,3137
6609,3137
6871,3137
8877,3137
9456,3137
9657,3137
11485,3137
11711,3137
11760,3137
4257,3138
4315,3138
4407,3138
4788,3138
4874,3138
6957,3138
9405,3138
9406,3138
9407,3138
9855,3138
10019,3138
11800,3138
1676,3139
4257,3139
4277,3139
4315,3139
4407,3139
4788,3139
4874,3139
6957,3139
9406,3139
9407,3139
9534,3139
9855,3139
10370,3139
6704,3140
774,3141
775,3141
1481,3141
1482,3141
1501,3141
1502,3141
1566,3141
1567,3141
2261,3141
4144,3141
5956,3141
5957,3141
6007,3141
10854,3141
10855,3141
10857,3141
10936,3141
10937,3141
1481,3142
1482,3142
1588,3142
2003,3142
2004,3142
2005,3142
3593,3142
3594,3142
4144,3142
4534,3142
6007,3142
6458,3142
10855,3142
4144,3143
4511,3144
7491,3144
7751,3144
7491,3145
7751,3145
7491,3146
7491,3148
7751,3148
7491,3149
7751,3149
1676,3150
2432,3150
2638,3150
2655,3150
4216,3150
4257,3150
4267,3150
4277,3150
4315,3150
4407,3150
4788,3150
4874,3150
4878,3150
5352,3150
6507,3150
6508,3150
8922,3150
9392,3150
9401,3150
9402,3150
9406,3150
9407,3150
9534,3150
9855,3150
10019,3150
10036,3150
10370,3150
1511,3151
2179,3151
2297,3151
2353,3151
3456,3151
5136,3151
8877,3151
9194,3151
9657,3151
11110,3151
11811,3151
12194,3151
12195,3151
12196,3151
12197,3151
12198,3151
12210,3151
2177,3152
2297,3152
5136,3152
9194,3152
11101,3152
11110,3152
11811,3152
887,3155
1358,3155
1407,3155
2102,3155
2570,3155
2606,3155
3118,3155
3361,3155
3520,3155
6613,3155
8320,3155
8640,3155
11425,3155
11430,3155
11431,3155
1215,3157
2157,3157
2348,3157
2570,3157
2606,3157
3117,3157
3118,3157
6613,3157
8320,3157
11425,3157
11430,3157
2570,3158
3520,3158
11425,3158
11430,3158
6613,3160
5779,3163
6641,3163
6681,3163
6842,3163
12086,3163
6641,3164
1642,3169
3609,3169
10507,3169
1908,3170
3395,3170
6121,3170
6510,3170
2287,3171
2292,3171
2384,3171
2772,3171
2773,3171
3284,3171
3286,3171
3467,3171
3663,3171
4315,3171
4825,3171
6504,3171
6807,3171
7286,3171
8732,3171
8733,3171
9855,3171
296,3172
854,3172
1584,3172
1792,3172
1856,3172
1867,3172
2080,3172
2293,3172
2432,3172
2772,3172
2773,3172
4257,3172
4267,3172
4407,3172
4614,3172
5073,3172
5424,3172
6348,3172
6725,3172
6807,3172
6869,3172
6870,3172
7570,3172
7932,3172
7988,3172
8056,3172
8575,3172
8777,3172
8980,3172
9299,3172
9386,3172
9392,3172
9672,3172
9700,3172
9701,3172
9855,3172
10051,3172
11222,3172
11238,3172
11343,3172
11344,3172
11478,3172
11479,3172
11480,3172
11481,3172
11834,3172
12258,3172
12329,3172
12330,3172
12354,3172
2384,3173
7602,3174
2432,3175
4257,3175
4407,3175
6957,3175
9207,3175
9406,3175
9407,3175
9820,3175
9855,3175
10019,3175
10370,3175
4257,3176
4277,3176
4315,3176
4617,3176
4788,3176
4874,3176
9406,3176
9407,3176
4257,3177
4277,3177
4315,3177
4874,3177
9406,3177
9407,3177
4874,3178
10668,3179
10248,3183
8937,3188
10248,3188
1655,3191
8933,3191
2510,3194
2868,3194
2977,3194
1676,3195
4257,3195
4277,3195
4281,3195
4788,3195
4874,3195
5352,3195
9405,3195
9406,3195
9407,3195
9534,3195
9535,3195
10370,3195
11563,3195
1676,3196
4257,3196
4277,3196
4617,3196
4874,3196
9405,3196
9406,3196
9407,3196
9534,3196
9820,3196
4057,3197
1676,3200
4257,3200
4267,3200
6508,3200
8922,3200
9392,3200
4257,3201
1676,3202
4257,3202
4874,3202
5352,3202
9406,3202
9407,3202
12211,3203
4614,3205
12211,3205
10724,3207
3585,3208
3708,3209
3709,3209
3710,3209
3711,3209
3712,3209
3713,3209
3714,3209
3715,3209
3716,3209
3717,3209
3718,3209
3719,3209
3720,3209
3721,3209
3722,3209
3723,3209
3724,3209
3725,3209
3726,3209
3727,3209
3728,3209
3729,3209
3730,3209
3731,3209
3732,3209
3733,3209
7018,3209
7019,3209
1676,3210
2432,3210
2638,3210
2655,3210
4216,3210
4257,3210
4277,3210
4315,3210
4407,3210
4788,3210
4874,3210
6508,3210
6957,3210
9207,3210
9401,3210
9402,3210
9405,3210
9406,3210
9407,3210
9534,3210
9855,3210
9975,3210
10019,3210
10036,3210
10370,3210
4257,3211
4277,3211
4315,3211
4874,3211
9406,3211
9407,3211
11678,3211
4257,3212
4315,3212
4788,3212
4874,3212
5352,3212
6217,3212
6957,3212
7173,3212
9406,3212
9407,3212
11678,3212
1676,3213
4257,3213
4277,3213
4315,3213
4788,3213
4874,3213
9406,3213
9407,3213
9975,3213
1676,3214
4257,3214
4277,3214
4315,3214
4788,3214
4874,3214
9406,3214
9407,3214
10019,3214
1676,3215
2432,3215
4216,3215
4257,3215
4407,3215
4874,3215
6508,3215
9406,3215
9407,3215
9820,3215
10019,3215
4874,3216
1676,3217
2432,3217
4257,3217
4267,3217
4281,3217
6957,3217
8922,3217
9207,3217
9392,3217
9855,3217
10019,3217
10370,3217
12212,3217
4874,3218
4874,3219
1676,3220
4216,3220
4257,3220
4277,3220
4305,3220
4315,3220
4788,3220
4874,3220
6508,3220
8763,3220
9406,3220
9407,3220
9820,3220
10019,3220
11678,3220
1676,3221
4216,3221
4257,3221
4874,3221
5352,3221
1676,3222
4216,3222
4257,3222
4277,3222
4315,3222
4788,3222
4874,3222
5352,3222
6508,3222
8763,3222
9406,3222
9407,3222
9975,3222
2650,3223
3923,3223
3947,3223
4652,3223
5265,3223
6167,3223
2814,3224
4131,3224
4132,3224
4629,3224
4630,3224
5116,3224
6186,3224
8175,3224
8880,3224
8881,3224
11392,3224
11393,3224
1972,3225
2422,3225
2423,3225
2910,3225
3604,3225
4106,3225
4131,3225
4132,3225
4137,3225
5116,3225
5825,3225
5840,3225
6758,3225
7888,3225
8699,3225
10913,3225
8981,3228
8982,3228
8983,3228
8984,3228
8985,3228
8986,3228
4888,3229
6827,3229
6867,3229
6868,3229
9303,3229
9321,3229
9334,3229
9337,3229
9321,3231
5153,3233
3183,3235
4257,3235
12182,3235
3857,3238
483,3241
540,3241
1783,3241
2087,3241
3179,3246
382,3247
12363,3247
242,3248
382,3248
881,3248
9732,3248
12363,3248
242,3249
382,3249
1544,3252
1698,3252
2586,3252
2597,3252
4125,3252
4127,3252
4150,3252
4859,3252
4881,3252
6520,3252
6680,3252
6797,3252
7373,3252
7655,3252
7911,3252
7912,3252
7993,3252
8588,3252
10288,3252
10397,3252
10427,3252
10892,3252
11379,3252
4125,3254
3265,3255
529,3256
765,3256
809,3256
1185,3256
1266,3256
3833,3256
5575,3256
5576,3256
5577,3256
5708,3256
5747,3256
6582,3256
7242,3256
9123,3256
9195,3256
9196,3256
9203,3256
11467,3256
12236,3256
4257,3258
8883,3258
2432,3259
4874,3259
2432,3260
4874,3260
6631,3261
12167,3261
194,3262
1710,3265
4455,3265
572,3266
1710,3266
2741,3266
3211,3266
4287,3266
4455,3266
4543,3266
4604,3266
5873,3266
6027,3266
6718,3266
6841,3266
7416,3266
8404,3266
263,3267
425,3267
1676,3267
1710,3267
2048,3267
2049,3267
2638,3267
2655,3267
3104,3267
3105,3267
4257,3267
4288,3267
4342,3267
4407,3267
4455,3267
5993,3267
5994,3267
7416,3267
8414,3267
8415,3267
8922,3267
9207,3267
9534,3267
9855,3267
10370,3267
1710,3268
4455,3268
7416,3268
10660,3268
223,3269
263,3269
425,3269
1710,3269
2048,3269
2049,3269
2712,3269
2719,3269
3104,3269
3105,3269
3269,3269
4342,3269
4455,3269
4543,3269
4879,3269
5872,3269
5873,3269
5993,3269
5994,3269
6052,3269
6468,3269
7416,3269
7904,3269
7983,3269
8414,3269
8415,3269
10660,3269
223,3270
1710,3270
2780,3270
4024,3270
4307,3270
4455,3270
6132,3270
7416,3270
7487,3270
8477,3270
1710,3271
4455,3271
1710,3272
1816,3272
2712,3272
2719,3272
4455,3272
4543,3272
5873,3272
6052,3272
1710,3273
4455,3273
1710,3274
1816,3274
2712,3274
2719,3274
4455,3274
4543,3274
5873,3274
6052,3274
1710,3275
1816,3275
2712,3275
2719,3275
4455,3275
4543,3275
5873,3275
6052,3275
1710,3276
1816,3276
4455,3276
1710,3277
1816,3277
2712,3277
2719,3277
4455,3277
4543,3277
5873,3277
6052,3277
1710,3278
4287,3278
4455,3278
8404,3278
1710,3279
4455,3279
4874,3280
9975,3280
12215,3280
4257,3283
4788,3283
9405,3283
9855,3283
9975,3283
10370,3283
479,3284
678,3284
751,3284
753,3284
755,3284
1099,3284
1138,3284
1184,3284
1418,3284
1429,3284
1704,3284
3792,3284
11386,3284
632,3285
636,3285
866,3285
4522,3285
5120,3285
5227,3285
6041,3285
6042,3285
7537,3285
7538,3285
8039,3285
10374,3285
4257,3286
4315,3286
4407,3286
4788,3286
9855,3286
10019,3286
10370,3286
1051,3288
1118,3288
1250,3288
1705,3288
1827,3288
2404,3288
3638,3288
3783,3288
5530,3288
6063,3288
6077,3288
6546,3288
8597,3288
8598,3288
8599,3288
8883,3288
2398,3289
6025,3289
7587,3289
9291,3289
8106,3290
317,3291
1685,3291
2444,3291
2445,3291
4257,3291
4267,3291
4297,3291
7462,3291
7660,3291
7930,3291
8105,3291
8106,3291
8653,3291
8774,3291
8873,3291
9010,3291
9011,3291
9012,3291
9013,3291
9109,3291
9158,3291
9164,3291
9392,3291
9855,3291
10326,3291
10328,3291
10370,3291
11587,3291
11727,3291
11877,3291
4267,3292
4281,3292
7794,3292
9109,3292
9392,3292
9820,3292
9855,3292
10019,3292
10370,3292
1966,3294
3363,3294
3881,3294
11072,3294
11079,3294
11096,3294
7599,3295
1382,3296
3828,3296
9302,3296
199,3297
207,3297
219,3297
224,3297
279,3297
280,3297
370,3297
1180,3297
1492,3297
2586,3297
2597,3297
3225,3297
5845,3297
7309,3297
7373,3297
8239,3297
8270,3297
8271,3297
9725,3297
9726,3297
9727,3297
9784,3297
10170,3297
10446,3297
10447,3297
10940,3297
10949,3297
10995,3297
10996,3297
10998,3297
10999,3297
11000,3297
11001,3297
11002,3297
11003,3297
11004,3297
11005,3297
11007,3297
11008,3297
11009,3297
11010,3297
11212,3297
11227,3297
11321,3297
11387,3297
11388,3297
11389,3297
11390,3297
11391,3297
11529,3297
199,3298
219,3298
370,3298
2586,3298
3056,3298
3757,3298
3946,3298
5669,3298
7208,3298
7281,3298
8309,3298
8310,3298
9803,3298
10097,3298
10098,3298
10099,3298
10145,3298
10150,3298
10401,3298
10402,3298
10469,3298
11227,3298
11391,3298
4349,3299
4371,3299
4372,3299
5253,3299
5255,3299
7496,3299
7978,3299
8988,3299
8989,3299
4371,3300
3827,3301
4349,3301
4371,3301
4372,3301
5253,3301
5255,3301
7496,3301
7978,3301
8645,3301
8988,3301
8989,3301
10326,3301
10328,3301
4371,3302
5255,3302
7892,3302
180,3303
1565,3303
4560,3303
4561,3303
6265,3303
9322,3303
2457,3306
2673,3306
2337,3307
4038,3307
4191,3307
4192,3307
4711,3307
7157,3307
7158,3307
8368,3307
8369,3307
93,3308
485,3308
489,3308
490,3308
491,3308
492,3308
502,3308
504,3308
543,3308
598,3308
703,3308
850,3308
924,3308
994,3308
1408,3308
1459,3308
1593,3308
2868,3308
2977,3308
3137,3308
3175,3308
3182,3308
3919,3308
4038,3308
4044,3308
4191,3308
4602,3308
4711,3308
4773,3308
4826,3308
6122,3308
6399,3308
6446,3308
6963,3308
7987,3308
8556,3308
8564,3308
8565,3308
8566,3308
8567,3308
8569,3308
8570,3308
8799,3308
8822,3308
10138,3308
10231,3308
10552,3308
10781,3308
11016,3308
12259,3308
4191,3310
4192,3310
4711,3310
4643,3311
1676,3313
2432,3313
2638,3313
4257,3313
4277,3313
4315,3313
4407,3313
4788,3313
6508,3313
6957,3313
9207,3313
9402,3313
9405,3313
10019,3313
10036,3313
10370,3313
366,3314
1280,3314
1676,3314
2432,3314
3284,3314
3311,3314
3563,3314
3835,3314
4257,3314
4315,3314
4320,3314
4406,3314
4407,3314
4468,3314
4469,3314
4470,3314
4788,3314
6508,3314
8945,3314
8980,3314
9157,3314
9207,3314
9402,3314
9405,3314
9975,3314
9999,3314
10019,3314
10036,3314
11324,3314
11427,3314
11579,3314
11800,3314
12139,3314
12182,3314
12354,3314
11324,3315
116,3317
8787,3317
4257,3318
4788,3318
4874,3318
9406,3318
9407,3318
4257,3319
4277,3319
4788,3319
4874,3319
9406,3319
9407,3319
8783,3321
10715,3321
10716,3321
10717,3321
8307,3325
8308,3325
8523,3325
10036,3325
6536,3326
1676,3327
2432,3327
2638,3327
4257,3327
4267,3327
4407,3327
4788,3327
9392,3327
9401,3327
9402,3327
9535,3327
9820,3327
9855,3327
10019,3327
10370,3327
1676,3328
4216,3328
4257,3328
4267,3328
4277,3328
4315,3328
4407,3328
4874,3328
5352,3328
6957,3328
8922,3328
9392,3328
9402,3328
9406,3328
9407,3328
9855,3328
10019,3328
10036,3328
11678,3328
2432,3329
2638,3329
4257,3329
4305,3329
4315,3329
4874,3329
6957,3329
9405,3329
9406,3329
9407,3329
10019,3329
12273,3329
7437,3330
11650,3330
11826,3330
4874,3331
7437,3331
3130,3332
7895,3332
1489,3333
1799,3333
2233,3333
5777,3333
6643,3333
7514,3333
49,3334
826,3334
1548,3334
1621,3334
1624,3334
2716,3334
2717,3334
2798,3334
4559,3334
4837,3334
4920,3334
5142,3334
5769,3334
5839,3334
6208,3334
7259,3334
7333,3334
7366,3334
8675,3334
9888,3334
11263,3334
11487,3334
5142,3335
9373,3336
385,3337
447,3337
2382,3337
2710,3337
3079,3337
4135,3337
4155,3337
4226,3337
4713,3337
4786,3337
9056,3337
11562,3337
385,3338
447,3338
2382,3338
4155,3338
4226,3338
4786,3338
1023,3340
1024,3340
1136,3340
1144,3340
3738,3344
7033,3344
9191,3344
11373,3344
4038,3345
1323,3351
4425,3352
4440,3352
5459,3352
7063,3352
7115,3352
3444,3354
4556,3354
4557,3354
4558,3354
4749,3354
5716,3354
5717,3354
7739,3354
8042,3354
8043,3354
8044,3354
8045,3354
8046,3354
10718,3354
11800,3355
9004,3357
5157,3358
6631,3359
12167,3359
5093,3361
5093,3362
5711,3362
7647,3362
5093,3363
7647,3363
7648,3363
7649,3363
1486,3364
1956,3364
2472,3364
2520,3364
2564,3364
2836,3364
2903,3364
2929,3364
3233,3364
3246,3364
3255,3364
3968,3364
5115,3364
6220,3364
6221,3364
6241,3364
10856,3364
11180,3364
2520,3365
5115,3365
1709,3366
1072,3367
1130,3367
1188,3367
1356,3367
2416,3367
2462,3367
2486,3367
3387,3367
3870,3367
4541,3367
4687,3367
6522,3367
6589,3367
6623,3367
7079,3367
8995,3367
9818,3367
10255,3367
10263,3367
10325,3367
10835,3367
10836,3367
10886,3367
11180,3367
11511,3367
538,3368
2416,3368
2486,3368
3196,3368
4208,3368
4285,3368
4286,3368
4541,3368
6522,3368
6623,3368
7079,3368
7650,3368
7651,3368
8697,3368
8698,3368
8792,3368
8995,3368
8996,3368
10263,3368
12000,3368
12083,3369
3023,3370
3078,3370
12071,3370
4709,3371
3023,3372
3078,3372
674,3373
2456,3373
3023,3373
3078,3373
3235,3373
5686,3373
5908,3373
4709,3374
3023,3375
3078,3375
93,3376
485,3376
994,3376
3129,3376
3175,3376
4038,3376
4191,3376
4192,3376
4711,3376
5854,3376
6122,3376
93,3377
485,3377
987,3377
994,3377
1982,3377
2340,3377
2510,3377
2664,3377
2665,3377
2666,3377
2867,3377
2977,3377
3132,3377
3137,3377
3151,3377
3175,3377
3182,3377
3919,3377
4038,3377
4044,3377
4089,3377
4114,3377
4192,3377
4461,3377
4602,3377
4773,3377
4826,3377
6399,3377
6446,3377
6531,3377
6551,3377
6552,3377
7157,3377
7158,3377
8272,3377
8368,3377
8369,3377
8556,3377
8557,3377
8558,3377
8559,3377
8560,3377
8564,3377
8565,3377
8566,3377
8567,3377
8568,3377
8569,3377
8570,3377
10367,3377
4192,3378
4773,3378
8510,3378
2834,3379
3137,3379
3175,3379
3182,3379
3349,3379
3919,3379
4114,3379
4192,3379
4602,3379
6352,3379
6379,3379
6399,3379
6445,3379
6446,3379
6531,3379
6551,3379
6552,3379
6665,3379
6666,3379
8555,3379
8556,3379
8557,3379
8558,3379
8559,3379
8560,3379
8561,3379
8562,3379
8563,3379
8564,3379
8565,3379
8566,3379
8567,3379
8568,3379
8569,3379
8570,3379
9333,3379
4826,3380
4873,3380
7515,3380
7516,3380
4192,3381
4201,3382
9362,3382
4201,3385
4201,3386
1243,3389
1595,3389
1684,3389
4061,3389
4492,3389
4493,3389
1595,3390
4492,3390
4493,3390
10641,3390
1243,3392
4061,3392
91,3393
148,3393
243,3393
1243,3393
1595,3393
1644,3393
1667,3393
1684,3393
3535,3393
3772,3393
3777,3393
3990,3393
4061,3393
4102,3393
4222,3393
4492,3393
4493,3393
4509,3393
4510,3393
6662,3393
8679,3393
9550,3393
12373,3393
4257,3394
4874,3394
737,3395
2549,3395
2895,3395
4441,3395
5583,3395
6006,3395
7220,3395
7434,3395
9360,3395
9361,3395
2432,3396
2840,3396
4257,3396
4267,3396
4788,3396
4874,3396
5352,3396
6217,3396
6957,3396
7173,3396
8922,3396
9207,3396
9392,3396
9406,3396
9407,3396
10019,3396
10036,3396
1676,3398
4257,3398
4267,3398
4315,3398
4407,3398
6957,3398
9392,3398
9534,3398
9855,3398
9975,3398
10370,3398
10825,3398
10826,3398
77,3399
3022,3399
77,3400
6928,3401
4257,3402
4305,3402
4788,3402
4874,3402
4930,3402
7195,3402
8765,3402
9406,3402
9407,3402
9644,3402
10019,3402
11238,3402
11563,3402
11829,3402
12008,3402
12139,3402
12182,3402
12289,3402
12354,3402
2023,3403
6356,3403
7605,3403
10589,3403
2023,3404
6088,3404
6356,3404
7605,3404
10589,3404
1676,3406
2638,3406
4257,3406
4277,3406
4407,3406
4874,3406
9405,3406
9406,3406
9407,3406
10370,3406
10825,3406
11586,3406
1001,3407
1112,3407
1183,3407
1202,3407
1315,3407
1338,3407
1352,3407
1354,3407
1970,3407
1974,3407
1992,3407
2704,3407
2718,3407
3275,3407
3423,3407
3658,3407
3992,3407
4575,3407
4642,3407
4661,3407
5148,3407
5514,3407
5764,3407
5794,3407
5882,3407
5895,3407
5952,3407
5953,3407
6015,3407
6166,3407
6183,3407
6299,3407
6311,3407
6482,3407
6719,3407
7254,3407
7274,3407
7280,3407
7709,3407
8671,3407
9049,3407
9110,3407
9214,3407
9215,3407
9267,3407
10904,3407
11631,3407
11674,3407
11997,3407
12031,3407
4642,3408
7877,3408
8671,3408
1335,3409
287,3411
2469,3411
2608,3411
4381,3411
6119,3411
6562,3411
9393,3411
10041,3411
4381,3412
11566,3412
287,3413
1460,3413
2469,3413
2478,3413
2562,3413
2608,3413
3276,3413
4381,3413
4464,3413
4465,3413
4466,3413
4516,3413
4517,3413
6562,3413
9281,3413
9393,3413
11077,3413
11363,3413
4381,3414
9374,3414
10041,3414
69,3415
1317,3415
1473,3415
2478,3415
2608,3415
2799,3415
2906,3415
3276,3415
4234,3415
4366,3415
4512,3415
4513,3415
4514,3415
4515,3415
4516,3415
4517,3415
4643,3415
7192,3415
7600,3415
9393,3415
9822,3415
10348,3415
11520,3415
4643,3416
9393,3417
651,3419
669,3419
1426,3419
1427,3419
1428,3419
1753,3419
1754,3419
2440,3419
2441,3419
3702,3419
3769,3419
3814,3419
5790,3419
395,3420
538,3420
661,3420
2902,3420
5189,3420
6405,3420
9341,3420
11118,3420
1569,3421
735,3422
10732,3423
1676,3424
2432,3424
4257,3424
4277,3424
4315,3424
4407,3424
4788,3424
4874,3424
4887,3424
6508,3424
8870,3424
9207,3424
9405,3424
9406,3424
9407,3424
9820,3424
9975,3424
10019,3424
10370,3424
10846,3424
11324,3424
11586,3424
11616,3424
11678,3424
4874,3425
4874,3426
4874,3427
1676,3428
2638,3428
4257,3428
4874,3428
5352,3428
9534,3428
1259,3431
7586,3432
2885,3433
2885,3434
2885,3435
1688,3438
4871,3438
10848,3438
10851,3438
10861,3438
11200,3438
4871,3439
3877,3440
369,3441
489,3441
490,3441
491,3441
492,3441
495,3441
497,3441
502,3441
504,3441
505,3441
543,3441
667,3441
703,3441
850,3441
975,3441
2008,3441
2009,3441
2340,3441
2868,3441
3502,3441
4850,3441
4939,3441
5354,3441
5817,3441
7372,3441
7586,3441
8967,3441
8968,3441
8969,3441
8970,3441
8971,3441
11915,3441
11916,3441
4954,3445
11200,3447
8800,3448
137,3449
1564,3449
1648,3449
1868,3449
2411,3449
4141,3449
4176,3449
4327,3449
4731,3449
4756,3449
5698,3449
6293,3449
7186,3449
11682,3449
11763,3449
12255,3449
1648,3450
1708,3450
4141,3450
4176,3450
4327,3450
4731,3450
4756,3450
5596,3450
5671,3450
5678,3450
6293,3450
6343,3450
6927,3450
6932,3450
8330,3450
4176,3451
6293,3451
11682,3451
4176,3452
6293,3452
137,3453
1564,3453
1648,3453
1868,3453
2411,3453
4176,3453
4731,3453
4756,3453
6293,3453
6503,3453
7186,3453
8690,3453
1648,3454
1708,3454
4176,3454
4731,3454
4756,3454
5596,3454
5671,3454
5677,3454
5678,3454
6293,3454
6343,3454
6927,3454
6932,3454
8330,3454
1260,3455
1261,3455
1262,3455
2864,3455
3895,3455
6078,3455
6079,3455
6080,3455
6081,3455
6082,3455
6083,3455
10529,3455
10530,3455
10531,3455
10532,3455
10533,3455
10534,3455
10535,3455
10536,3455
10537,3455
10538,3455
10539,3455
10540,3455
10541,3455
10542,3455
10544,3455
10545,3455
10546,3455
10547,3455
10548,3455
10549,3455
10550,3455
10551,3455
11474,3455
11475,3455
6464,3456
1260,3457
3895,3457
9521,3460
2745,3461
2749,3461
2774,3461
2880,3461
4669,3461
4670,3461
4671,3461
5301,3461
5568,3461
5578,3461
5921,3461
11035,3461
11338,3461
10849,3462
10850,3462
4735,3463
4735,3464
4729,3465
4735,3465
4735,3467
3966,3468
4455,3470
272,3471
296,3471
972,3471
2432,3471
2638,3471
3140,3471
3677,3471
3835,3471
4257,3471
4277,3471
4315,3471
4345,3471
4407,3471
4468,3471
4469,3471
4470,3471
4748,3471
4788,3471
4874,3471
4878,3471
4880,3471
5606,3471
6424,3471
6508,3471
6957,3471
7135,3471
7195,3471
8056,3471
8104,3471
8651,3471
8883,3471
8904,3471
8905,3471
8973,3471
9157,3471
9207,3471
9402,3471
9405,3471
9855,3471
9976,3471
9977,3471
10036,3471
10810,3471
10872,3471
11246,3471
11563,3471
11800,3471
12182,3471
12284,3471
12354,3471
2355,3472
3799,3472
3914,3472
3921,3472
4257,3472
4266,3472
4403,3472
4617,3472
4874,3472
4950,3472
4951,3472
7034,3472
7036,3472
7135,3472
7240,3472
7583,3472
8445,3472
11097,3472
272,3473
296,3473
470,3473
1139,3473
1181,3473
1271,3473
1272,3473
1273,3473
1782,3473
1879,3473
1911,3473
2401,3473
2432,3473
2449,3473
2451,3473
3700,3473
4275,3473
4276,3473
4345,3473
4878,3473
4950,3473
4951,3473
5766,3473
6475,3473
6603,3473
6669,3473
6725,3473
7223,3473
7583,3473
7869,3473
8056,3473
8841,3473
9043,3473
9127,3473
9370,3473
9625,3473
9626,3473
9700,3473
9701,3473
9843,3473
9938,3473
10036,3473
11070,3473
11220,3473
11343,3473
11344,3473
12090,3473
12189,3473
12220,3473
12258,3473
2409,3474
4257,3474
4403,3474
4788,3474
4874,3474
4950,3474
4951,3474
6424,3474
7049,3474
7135,3474
7583,3474
8104,3474
8973,3474
9976,3474
10872,3474
272,3475
366,3475
2432,3475
2638,3475
3140,3475
3311,3475
3835,3475
4257,3475
4277,3475
4315,3475
4407,3475
4468,3475
4469,3475
4470,3475
4748,3475
4788,3475
4794,3475
4874,3475
4880,3475
4887,3475
6507,3475
6508,3475
6957,3475
7135,3475
7195,3475
8056,3475
8883,3475
9157,3475
9401,3475
9402,3475
9405,3475
9406,3475
9407,3475
9976,3475
10019,3475
10036,3475
11146,3475
11246,3475
11563,3475
11616,3475
11800,3475
12032,3475
12284,3475
12354,3475
4257,3476
4633,3479
4634,3479
5282,3479
83,3480
4373,3480
29,3481
83,3481
3036,3481
3270,3481
3620,3481
4373,3481
4633,3481
4634,3481
4647,3481
4648,3481
4649,3481
6084,3481
6085,3481
6086,3481
6128,3481
11172,3481
11196,3481
11593,3481
1676,3484
2384,3484
4257,3484
4277,3484
4315,3484
4874,3484
6413,3484
9406,3484
9407,3484
9855,3484
11245,3484
3587,3487
8412,3487
200,3488
266,3488
4461,3488
4505,3488
4531,3488
5128,3488
6626,3488
7255,3488
7342,3488
9366,3488
9373,3488
9374,3488
10476,3488
10477,3488
10496,3488
11601,3488
11968,3488
12279,3488
12280,3488
516,3489
634,3489
876,3489
1495,3489
2832,3489
2911,3489
4461,3489
4462,3489
4530,3489
4531,3489
4546,3489
4609,3489
6310,3489
7342,3489
9373,3489
11691,3489
11749,3489
7255,3490
7342,3490
2537,3491
4851,3491
11707,3491
8508,3493
8508,3494
50,3496
85,3496
111,3496
113,3496
388,3496
569,3496
585,3496
595,3496
600,3496
937,3496
961,3496
983,3496
1011,3496
1014,3496
1307,3496
1651,3496
1951,3496
2121,3496
2319,3496
2492,3496
2511,3496
2513,3496
2775,3496
2898,3496
2936,3496
3027,3496
3038,3496
3106,3496
3596,3496
3937,3496
4235,3496
4828,3496
5371,3496
6395,3496
6563,3496
6925,3496
7185,3496
7199,3496
7246,3496
7389,3496
7390,3496
8858,3496
9308,3496
9367,3496
9369,3496
12088,3496
1676,3497
2638,3497
4257,3497
4277,3497
4315,3497
4407,3497
4626,3497
4874,3497
6504,3497
6957,3497
7570,3497
8806,3497
9207,3497
9402,3497
9405,3497
9406,3497
9407,3497
9855,3497
9975,3497
10019,3497
10036,3497
10051,3497
10370,3497
10825,3497
11563,3497
12329,3497
12330,3497
12354,3497
2432,3499
4874,3499
5659,3499
4257,3500
9207,3500
12139,3500
12182,3500
